time (s)	coil I (A)	last det (V)	int current (uC)
426833.023185	0.551500	90.917969	-493.359375
426833.025187	0.843405	90.917969	-493.359375
426833.027187	0.884153	90.917969	-493.359375
426833.029188	0.881257	9.693829	0.114460
426834.071191	0.453986	257.226562	80.078125
426834.073191	0.781837	257.226562	80.078125
426834.075193	0.885650	257.226562	80.078125
426834.077192	0.882516	9.707680	0.132310
426835.087743	0.577438	103.027344	-464.843750
426835.089745	0.854632	103.027344	-464.843750
426835.091746	0.883180	103.027344	-464.843750
426835.093746	0.880506	9.685569	0.162485
426836.135836	0.497584	257.812500	82.226562
426836.137837	0.812033	257.812500	82.226562
426836.139840	0.883547	257.812500	82.226562
426836.141839	0.880481	9.685293	0.175892
426837.183852	0.402635	99.511719	-476.074219
426837.185855	0.739347	99.511719	-476.074219
426837.187854	0.887089	99.511719	-476.074219
426837.189854	0.884618	9.730793	0.138857
426838.232339	0.387652	258.300781	76.171875
426838.234339	0.725636	258.300781	76.171875
426838.236339	0.884269	258.300781	76.171875
426838.238340	0.881994	9.701938	0.137779
426839.250392	0.763287	101.562500	-471.289062
426839.252395	0.884867	101.562500	-471.289062
426839.254393	0.881758	9.699341	0.146662
426840.330900	0.627596	256.542969	75.683594
426840.334900	0.882342	256.542969	75.683594
426840.336908	0.879892	256.542969	75.683594
426840.338913	0.878462	9.663085	0.104282
426841.345905	0.492066	99.316406	-479.394531
426841.349910	0.883989	99.316406	-479.394531
426841.351908	0.880718	99.316406	-479.394531
426841.353909	0.879038	9.669421	0.141570
426842.393932	0.398209	257.617187	77.050781
426842.395934	0.735111	257.617187	77.050781
426842.397933	0.884588	257.617187	77.050781
426842.399934	0.882002	9.702017	0.145218
426843.409974	0.438210	109.179687	-457.324219
426843.411976	0.769328	109.179687	-457.324219
426843.413976	0.885630	109.179687	-457.324219
426843.415978	0.882590	9.708487	0.181110
426844.492054	0.562714	258.300781	71.582031
426844.494054	0.848430	258.300781	71.582031
426844.496054	0.883623	258.300781	71.582031
426844.498056	0.880885	9.689734	0.124871
426845.508136	0.609229	109.960937	-455.566406
426845.510137	0.865800	109.960937	-455.566406
426845.512139	0.882308	109.960937	-455.566406
426845.514137	0.879796	9.677752	0.153548
426846.556716	0.610115	259.082031	72.460937
426846.558718	0.866439	259.082031	72.460937
426846.560719	0.882699	259.082031	72.460937
426846.562717	0.880193	9.682121	0.135030
426847.606761	0.826573	101.562500	-477.343750
426847.608764	0.884025	101.562500	-477.343750
426847.610763	0.881072	9.691790	0.123086
426848.652794	0.427992	261.523437	68.164062
426848.654796	0.760884	261.523437	68.164062
426848.656796	0.885417	261.523437	68.164062
426848.658796	0.882419	9.706608	0.112617
426849.670842	0.791292	104.882812	-470.605469
426849.672843	0.885453	104.882812	-470.605469
426849.674841	0.882283	9.705111	0.160451
426850.716878	0.375733	265.332031	71.777344
426850.718883	0.714614	265.332031	71.777344
426850.720882	0.883344	265.332031	71.777344
426850.722882	0.881429	9.695724	0.151563
426851.765828	0.440728	103.027344	-473.242187
426851.767827	0.771418	103.027344	-473.242187
426851.769828	0.886548	103.027344	-473.242187
426851.771829	0.883662	9.720282	0.131903
426852.814732	0.494719	267.285156	63.867187
426852.816734	0.810276	267.285156	63.867187
426852.818734	0.814343	267.285156	63.867187
426852.820734	0.880788	9.688670	0.116552
426853.830750	0.531118	102.734375	-472.265625
426853.834749	0.883171	102.734375	-472.265625
426853.836750	0.880241	102.734375	-472.265625
426853.838751	0.878656	9.665212	0.159976
426854.878794	0.441470	273.632812	66.796875
426854.880795	0.771829	273.632812	66.796875
426854.882795	0.885704	273.632812	66.796875
426854.884795	0.882688	9.709568	0.158160
426855.926851	0.351012	95.312500	-487.597656
426855.928852	0.691369	95.312500	-487.597656
426855.930853	0.882853	95.312500	-487.597656
426855.932852	0.882584	9.708425	0.131679
426856.978898	0.863209	276.660156	62.695312
426856.980900	0.865590	276.660156	62.695312
426856.982901	0.880197	9.682165	0.155718
426857.991485	0.396678	95.117187	-482.324219
426857.993487	0.733814	95.117187	-482.324219
426857.997485	0.882799	95.117187	-482.324219
426857.999488	0.880627	9.686898	0.150938
426859.073516	0.511291	279.785156	58.398437
426859.075518	0.820740	279.785156	58.398437
426859.077519	0.883761	279.785156	58.398437
426859.079520	0.880683	9.687518	0.114096
426860.091629	0.847534	82.910156	-511.718750
426860.093632	0.882804	82.910156	-511.718750
426860.097628	0.878605	9.664653	0.121881
426861.139655	0.792906	283.105469	62.109375
426861.143655	0.880917	283.105469	62.109375
426861.145655	0.879158	9.670741	0.159754
426862.154232	0.599903	87.792969	-495.507812
426862.156234	0.862949	87.792969	-495.507812
426862.158234	0.882556	87.792969	-495.507812
426862.160235	0.880053	9.680588	0.149654
426863.236287	0.718945	283.886719	59.375000
426863.240289	0.881781	283.886719	59.375000
426863.242289	0.879700	9.676698	0.136451
426864.254361	0.884925	85.546875	-500.683594
426864.256361	0.884874	85.546875	-500.683594
426864.258362	0.879846	9.678301	0.113848
426865.302362	0.879933	285.449219	64.257812
426865.306361	0.880099	285.449219	64.257812
426865.308364	0.878752	9.666275	0.158091
426866.314907	0.453938	87.207031	-496.484375
426866.316907	0.781407	87.207031	-496.484375
426866.318907	0.884455	87.207031	-496.484375
426866.320907	0.881264	9.693908	0.156525
426867.396957	0.573101	285.253906	60.644531
426867.398959	0.853178	285.253906	60.644531
426867.400959	0.883657	285.253906	60.644531
426867.402960	0.880921	9.690132	0.134532
426868.412960	0.607018	79.785156	-519.531250
426868.414966	0.865453	79.785156	-519.531250
426868.416968	0.882789	79.785156	-519.531250
426868.418970	0.880222	9.682440	0.175299
426869.495020	0.727440	285.937500	57.812500
426869.497021	0.883873	285.937500	57.812500
426869.499023	0.881363	9.694998	0.123028
426870.477042	0.554733	88.085937	-495.507812
426870.479045	0.844528	88.085937	-495.507812
426870.481044	0.883375	88.085937	-495.507812
426870.483043	0.880565	9.686215	0.148925
426871.557071	0.329711	286.816406	60.058594
426871.559077	0.393650	286.816406	60.058594
426871.561078	0.881536	286.816406	60.058594
426871.563079	0.883793	286.816406	60.058594
426871.565079	0.881458	9.696034	0.140040
426872.573119	0.373180	88.378906	-496.582031
426872.575121	0.712108	88.378906	-496.582031
426872.577121	0.883390	88.378906	-496.582031
426872.579120	0.881513	9.696638	0.134338
426873.655155	0.491617	287.207031	57.714844
426873.657157	0.808218	287.207031	57.714844
426873.659156	0.883962	287.207031	57.714844
426873.661157	0.880816	9.688972	0.115592
426874.671706	0.615577	79.492187	-521.875000
426874.673709	0.867771	79.492187	-521.875000
426874.675706	0.882269	79.492187	-521.875000
426874.677708	0.879717	9.676884	0.203324
426875.719753	0.528037	288.574219	58.984375
426875.721754	0.830623	288.574219	58.984375
426875.723754	0.883726	288.574219	58.984375
426875.725752	0.880792	9.688715	0.152164
426876.735765	0.561669	84.375000	-508.789062
426876.737765	0.847563	84.375000	-508.789062
426876.739764	0.882945	84.375000	-508.789062
426876.741765	0.880144	9.681589	0.131661
426877.817885	0.693133	287.011719	54.785156
426877.819888	0.882889	287.011719	54.785156
426877.821888	0.882498	9.707477	0.547522
426878.831896	0.389356	86.230469	-507.519531
426878.833897	0.727070	86.230469	-507.519531
426878.835898	0.884183	86.230469	-507.519531
426878.837900	0.881769	9.699455	0.117059
426879.882434	0.719712	287.011719	56.738281
426879.886433	0.881469	287.011719	56.738281
426879.888435	0.879451	9.673959	0.144478
426880.896466	0.421628	92.578125	-495.312500
426880.898468	0.755395	92.578125	-495.312500
426880.900467	0.884946	92.578125	-495.312500
426880.902468	0.881885	9.700731	0.154083
426881.980475	0.833503	284.179687	55.566406
426881.982477	0.883455	284.179687	55.566406
426881.984477	0.880556	9.686118	0.111271
426882.994528	0.574761	94.433594	-495.019531
426882.996529	0.853266	94.433594	-495.019531
426882.998530	0.882668	94.433594	-495.019531
426883.000532	0.879967	9.679640	0.131317
426884.043078	0.570063	282.324219	58.496094
426884.045079	0.851333	282.324219	58.496094
426884.047081	0.883019	282.324219	58.496094
426884.049082	0.880328	9.683610	0.137762
426885.091108	0.478865	91.601562	-507.128906
426885.093111	0.799281	91.601562	-507.128906
426885.095112	0.883390	91.601562	-507.128906
426885.097110	0.880167	9.681837	0.112737
426886.139114	0.381927	279.492187	58.886719
426886.141115	0.720246	279.492187	58.886719
426886.143116	0.884525	279.492187	58.886719
426886.145117	0.882441	9.706856	0.111869
426887.155191	0.428628	103.515625	-477.636719
426887.157195	0.761173	103.515625	-477.636719
426887.159195	0.884649	103.515625	-477.636719
426887.161194	0.881499	9.696487	0.153278
426888.204175	0.496385	277.734375	60.546875
426888.206178	0.811185	277.734375	60.546875
426888.208176	0.883794	277.734375	60.546875
426888.210176	0.880712	9.687828	0.136046
426889.256180	0.883875	97.656250	-492.285156
426889.258181	0.881161	97.656250	-492.285156
426889.260181	0.879201	9.671211	0.115816
426890.303126	0.786486	275.585937	61.132812
426890.305129	0.884306	275.585937	61.132812
426890.307130	0.881097	9.692064	0.106861
426891.317706	0.590521	106.640625	-468.750000
426891.319709	0.859411	106.640625	-468.750000
426891.321710	0.861650	106.640625	-468.750000
426891.323711	0.879931	9.679241	0.154747
426892.365770	0.503721	275.781250	63.574219
426892.367771	0.815907	275.781250	63.574219
426892.369772	0.883401	275.781250	63.574219
426892.371772	0.883274	9.716020	0.140595
426893.413808	0.414836	96.582031	-494.140625
426893.415812	0.749674	96.582031	-494.140625
426893.417811	0.885343	96.582031	-494.140625
426893.419811	0.882447	9.706918	0.125700
426894.465816	0.877904	274.414062	63.378906
426894.467820	0.882347	274.414062	63.378906
426894.469821	0.879949	9.679436	0.381133
426895.478357	0.442771	99.218750	-485.449219
426895.480358	0.772792	99.218750	-485.449219
426895.482357	0.885186	99.218750	-485.449219
426895.484359	0.882064	9.702700	0.151306
426896.526398	0.350721	276.562500	67.871094
426896.528399	0.690983	276.562500	67.871094
426896.530400	0.881874	276.562500	67.871094
426896.532400	0.881479	9.696265	0.140850
426897.575322	0.410537	98.339844	-487.207031
426897.577321	0.745798	98.339844	-487.207031
426897.579322	0.884370	98.339844	-487.207031
426897.581322	0.881533	9.696868	0.129625
426898.627341	0.877516	275.683594	63.964844
426898.629344	0.882371	275.683594	63.964844
426898.631345	0.879983	9.679817	0.380092
426899.641366	0.692022	104.394531	-471.484375
426899.643373	0.882055	104.394531	-471.484375
426899.645374	0.881724	9.698968	0.578510
426900.691343	0.858954	277.929687	68.652344
426900.693346	0.882914	277.929687	68.652344
426900.695343	0.880237	9.682608	0.144168
426901.738260	0.649585	95.507812	-492.480469
426901.740263	0.876408	95.507812	-492.480469
426901.742269	0.882236	95.507812	-492.480469
426901.744274	0.879818	9.678000	0.127177
426902.786798	0.640319	277.636719	66.308594
426902.788801	0.873968	277.636719	66.308594
426902.790802	0.881736	277.636719	66.308594
426902.792807	0.879373	9.673108	0.322046
426903.802851	0.683649	97.949219	-486.328125
426903.804851	0.881500	97.949219	-486.328125
426903.806852	0.881849	9.700342	0.154661
426904.884921	0.792853	277.539062	62.109375
426904.886924	0.885211	277.539062	62.109375
426904.888923	0.882139	9.703532	0.103251
426905.898997	0.514661	92.382812	-499.121094
426905.900998	0.822683	92.382812	-499.121094
426905.902997	0.883363	92.382812	-499.121094
426905.904998	0.880324	9.683565	0.130832
426906.947057	0.426567	279.199219	64.941406
426906.949058	0.759368	279.199219	64.941406
426906.951059	0.884239	279.199219	64.941406
426906.953059	0.881051	9.691559	0.133492
426907.965091	0.788814	103.027344	-472.558594
426907.967095	0.884406	103.027344	-472.558594
426907.969094	0.881182	9.693005	0.160529
426909.045650	0.670389	279.296875	63.183594
426909.047652	0.879949	279.296875	63.183594
426909.049652	0.882168	279.296875	63.183594
426909.051654	0.879862	9.678488	0.438998
426910.060581	0.520001	91.796875	-500.781250
426910.062583	0.825811	91.796875	-500.781250
426910.064582	0.883284	91.796875	-500.781250
426910.066586	0.880295	9.683247	0.136998
426911.108622	0.430397	281.250000	65.625000
426911.112623	0.884525	281.250000	65.625000
426911.114624	0.881384	281.250000	65.625000
426911.118623	0.878273	9.661002	0.132338
426912.157578	0.494584	88.964844	-508.203125
426912.159582	0.809873	88.964844	-508.203125
426912.161579	0.883195	88.964844	-508.203125
426912.163581	0.880105	9.681155	0.111148
426913.207600	0.736951	280.078125	62.109375
426913.209602	0.884378	280.078125	62.109375
426913.211604	0.881617	9.697790	0.111007
426914.222148	0.526414	93.261719	-497.265625
426914.224149	0.829541	93.261719	-497.265625
426914.226151	0.883316	93.261719	-497.265625
426914.228148	0.880327	9.683592	0.134319
426915.270176	0.433269	282.519531	65.039062
426915.272175	0.764997	282.519531	65.039062
426915.274176	0.884983	282.519531	65.039062
426915.276176	0.881791	9.699703	0.130708
426916.319099	0.491574	94.238281	-495.898437
426916.321104	0.807928	94.238281	-495.898437
426916.323103	0.883334	94.238281	-495.898437
426916.325103	0.883205	9.715257	0.121186
426917.372048	0.883211	282.031250	62.402344
426917.374050	0.880407	9.684478	0.115307
426918.382626	0.344798	96.484375	-489.550781
426918.384627	0.685247	96.484375	-489.550781
426918.388624	0.881824	96.484375	-489.550781
426918.390628	0.879597	9.675563	0.145312
426919.434654	0.860034	284.277344	64.062500
426919.436656	0.882496	284.277344	64.062500
426919.438657	0.879931	9.679241	0.136405
426920.481161	0.580066	90.136719	-506.152344
426920.483162	0.855489	90.136719	-506.152344
426920.485163	0.882669	90.136719	-506.152344
426920.487163	0.880057	9.680632	0.126258
426921.531206	0.807175	283.300781	61.035156
426921.535208	0.880481	283.300781	61.035156
426921.537209	0.878745	9.666195	0.115085
426922.545778	0.620095	99.023437	-485.253906
426922.547779	0.869266	99.023437	-485.253906
426922.549778	0.882437	99.023437	-485.253906
426922.551780	0.879946	9.679409	0.257894
426923.593782	0.524405	286.425781	62.402344
426923.595784	0.828368	286.425781	62.402344
426923.597784	0.883408	286.425781	62.402344
426923.599785	0.880501	9.685515	0.143231
426924.642363	0.524225	97.558594	-490.234375
426924.644362	0.828073	97.558594	-490.234375
426924.646364	0.882785	97.558594	-490.234375
426924.648365	0.879944	9.679382	0.125832
426925.691296	0.584347	284.960937	57.031250
426925.693301	0.857115	284.960937	57.031250
426925.697301	0.879899	284.960937	57.031250
426925.699302	0.878407	9.662473	0.114083
426926.739299	0.488267	89.550781	-510.742187
426926.741302	0.806002	89.550781	-510.742187
426926.743301	0.884278	89.550781	-510.742187
426926.745302	0.881051	9.691559	0.104656
426927.757385	0.833834	289.453125	57.812500
426927.759387	0.882621	289.453125	57.812500
426927.761388	0.879869	9.678558	0.145559
426928.803469	0.452815	94.628906	-499.316406
426928.805469	0.780513	94.628906	-499.316406
426928.807470	0.884868	94.628906	-499.316406
426928.809469	0.881650	9.698153	0.130294
426929.851486	0.355665	291.210937	55.273437
426929.853488	0.695620	291.210937	55.273437
426929.855489	0.882251	291.210937	55.273437
426929.857487	0.881533	9.696868	0.121384
426930.901542	0.606649	87.792969	-516.699219
426930.903544	0.864814	87.792969	-516.699219
426930.905544	0.882169	87.792969	-516.699219
426930.907544	0.879701	9.676706	0.152688
426931.949613	0.523174	292.675781	51.269531
426931.951614	0.827721	292.675781	51.269531
426931.955615	0.880439	292.675781	51.269531
426931.957616	0.878836	9.667197	0.100098
426932.967656	0.848034	88.867187	-515.625000
426932.969656	0.883005	88.867187	-515.625000
426932.971658	0.880278	9.683061	0.131006
426934.015702	0.795385	299.511719	53.906250
426934.017701	0.884059	299.511719	53.906250
426934.021701	0.879007	9.669075	0.133997
426935.062652	0.536825	85.644531	-520.898437
426935.064653	0.835052	85.644531	-520.898437
426935.068652	0.879937	85.644531	-520.898437
426935.070655	0.878390	9.662287	0.102639
426936.111641	0.605339	301.074219	49.511719
426936.113644	0.864471	301.074219	49.511719
426936.115644	0.882205	301.074219	49.511719
426936.117645	0.879673	9.676405	0.151983
426937.126201	0.395013	85.253906	-520.312500
426937.128201	0.732109	85.253906	-520.312500
426937.130200	0.884631	85.253906	-520.312500
426937.132202	0.882123	9.703355	0.122360
426938.174212	0.293838	305.273437	51.074219
426938.176213	0.636789	305.273437	51.074219
426938.178212	0.873428	305.273437	51.074219
426938.180212	0.882122	305.273437	51.074219
426938.182212	0.879635	9.675988	0.138972
426939.224278	0.551941	78.515625	-536.523437
426939.226281	0.842611	78.515625	-536.523437
426939.228280	0.882454	78.515625	-536.523437
426939.230280	0.879746	9.677202	0.097351
426940.272285	0.454498	306.542969	48.925781
426940.274289	0.781741	306.542969	48.925781
426940.276288	0.884452	306.542969	48.925781
426940.278287	0.881156	9.692712	0.124825
426941.288829	0.580155	80.566406	-528.906250
426941.290830	0.855525	80.566406	-528.906250
426941.292830	0.882559	80.566406	-528.906250
426941.294832	0.879910	9.679010	0.118761
426942.338902	0.810591	309.179687	50.097656
426942.340904	0.883679	309.179687	50.097656
426942.342905	0.880526	9.685790	0.151922
426943.384960	0.407797	76.171875	-540.136719
426943.386961	0.743515	76.171875	-540.136719
426943.388961	0.885528	76.171875	-540.136719
426943.390962	0.882794	9.710737	0.097127
426944.435013	0.658187	309.472656	49.316406
426944.437015	0.877497	309.472656	49.316406
426944.439016	0.881429	309.472656	49.316406
426944.441016	0.879144	9.670582	0.126384
426945.449630	0.456539	78.906250	-531.835937
426945.451630	0.783115	78.906250	-531.835937
426945.453631	0.884183	78.906250	-531.835937
426945.455631	0.880975	9.690726	0.115543
426946.531687	0.576405	308.398437	46.679687
426946.533692	0.853956	308.398437	46.679687
426946.535692	0.882592	308.398437	46.679687
426946.537692	0.879940	9.679338	0.102031
426947.549686	0.865207	72.167969	-549.414062
426947.551689	0.882359	72.167969	-549.414062
426947.555686	0.878360	9.661959	0.154255
426948.595710	0.515859	311.230469	48.437500
426948.597712	0.823259	311.230469	48.437500
426948.599712	0.883411	311.230469	48.437500
426948.601712	0.883278	9.716055	0.133672
426949.611744	0.553907	79.199219	-529.882812
426949.613747	0.843786	79.199219	-529.882812
426949.615747	0.882843	79.199219	-529.882812
426949.617747	0.880143	9.681572	0.127283
426950.691762	0.324708	309.863281	46.093750
426950.693763	0.666201	309.863281	46.093750
426950.697761	0.883410	309.863281	46.093750
426950.699763	0.881047	309.863281	46.093750
426950.701765	0.879533	9.674863	0.112735
426951.707771	0.362628	79.785156	-529.687500
426951.709773	0.702130	79.785156	-529.687500
426951.711774	0.883031	79.785156	-529.687500
426951.715772	0.879672	9.676395	0.101327
426952.759758	0.863527	311.621094	47.558594
426952.761760	0.865786	311.621094	47.558594
426952.763761	0.880144	9.681589	0.159204
426953.773776	0.635779	81.445312	-525.097656
426953.775778	0.873057	81.445312	-525.097656
426953.777778	0.881850	81.445312	-525.097656
426953.779778	0.879500	9.674500	0.315941
426954.853818	0.416184	310.156250	46.386719
426954.855819	0.750661	310.156250	46.386719
426954.857819	0.884657	310.156250	46.386719
426954.859818	0.881756	9.699314	0.105978
426955.871911	0.789522	82.324219	-523.730469
426955.873912	0.883494	82.324219	-523.730469
426955.875912	0.880207	9.682281	0.107171
426956.918831	0.521920	312.304687	48.535156
426956.920833	0.826735	312.304687	48.535156
426956.922832	0.883017	312.304687	48.535156
426956.924832	0.880027	9.680296	0.134377
426957.933356	0.302415	86.328125	-515.234375
426957.935358	0.644890	86.328125	-515.234375
426957.937357	0.875278	86.328125	-515.234375
426957.939357	0.882096	86.328125	-515.234375
426957.941358	0.879676	9.676432	0.139025
426959.017367	0.753422	307.617187	45.117187
426959.019370	0.884879	307.617187	45.117187
426959.021370	0.881823	9.700058	0.103885
426960.031499	0.474759	85.351562	-518.261719
426960.033501	0.796450	85.351562	-518.261719
426960.035500	0.883559	85.351562	-518.261719
426960.037501	0.880350	9.683849	0.115318
426961.079511	0.378146	308.398437	48.339844
426961.083510	0.884717	308.398437	48.339844
426961.085512	0.882850	308.398437	48.339844
426961.089510	0.879335	9.672683	0.127531
426962.131520	0.869466	84.960937	-520.996094
426962.133523	0.882209	84.960937	-520.996094
426962.135524	0.879779	9.677566	0.101794
426963.178084	0.619250	304.687500	47.851562
426963.180086	0.868424	304.687500	47.851562
426963.182087	0.881591	304.687500	47.851562
426963.184086	0.879236	9.671593	0.104931
426964.194651	0.743864	93.945312	-496.777344
426964.198651	0.880728	93.945312	-496.777344
426964.200661	0.878869	9.667561	0.135834
426965.240697	0.316574	305.957031	52.050781
426965.242696	0.658380	305.957031	52.050781
426965.244697	0.877885	305.957031	52.050781
426965.246697	0.881926	305.957031	52.050781
426965.248699	0.879597	9.675571	0.127945
426966.290697	0.559853	83.691406	-520.703125
426966.292700	0.846800	83.691406	-520.703125
426966.296697	0.880312	83.691406	-520.703125
426966.298699	0.878802	9.666824	0.110256
426967.338699	0.464538	300.585937	49.707031
426967.340700	0.789226	300.585937	49.707031
426967.342701	0.884321	300.585937	49.707031
426967.344700	0.881030	9.691329	0.100564
426968.354757	0.505115	91.601562	-498.925781
426968.356758	0.816605	91.601562	-498.925781
426968.358757	0.883187	91.601562	-498.925781
426968.360758	0.880178	9.681962	0.141843
426969.402788	0.413869	302.441406	52.929687
426969.404790	0.748759	302.441406	52.929687
426969.406791	0.885374	302.441406	52.929687
426969.410790	0.880353	9.683885	0.125173
426970.453359	0.747966	90.917969	-497.460937
426970.455360	0.884472	90.917969	-497.460937
426970.457361	0.881515	9.696664	0.111957
426971.499933	0.412855	298.828125	51.562500
426971.501935	0.747925	298.828125	51.562500
426971.505934	0.882284	298.828125	51.562500
426971.507935	0.880222	9.682440	0.101070
426972.517960	0.777973	91.992187	-491.992187
426972.519960	0.884502	91.992187	-491.992187
426972.521961	0.881324	9.694564	0.141237
426973.566018	0.699965	302.148437	55.273437
426973.568020	0.882441	302.148437	55.273437
426973.570018	0.881430	9.695734	0.577796
426974.614070	0.611969	92.871094	-487.988281
426974.616072	0.866481	92.871094	-487.988281
426974.618073	0.882006	92.871094	-487.988281
426974.620072	0.879499	9.674491	0.113469
426975.663061	0.679275	300.000000	53.515625
426975.665062	0.881576	300.000000	53.515625
426975.667061	0.882336	300.000000	53.515625
426975.669061	0.880046	9.680508	0.479862
426976.677090	0.380654	92.089844	-487.402344
426976.679094	0.719021	92.089844	-487.402344
426976.681093	0.884051	92.089844	-487.402344
426976.683093	0.881983	9.701813	0.148766
426977.725616	0.371485	301.562500	54.980469
426977.727617	0.710463	301.562500	54.980469
426977.729619	0.883490	301.562500	54.980469
426977.731620	0.881886	9.700741	0.135964
426978.775670	0.621647	90.234375	-491.503906
426978.777672	0.869792	90.234375	-491.503906
426978.779672	0.882718	90.234375	-491.503906
426978.781674	0.880181	9.681988	0.233213
426979.823686	0.525296	300.488281	53.906250
426979.825693	0.828586	300.488281	53.906250
426979.827699	0.882673	300.488281	53.906250
426979.829697	0.879828	9.678106	0.116395
426980.842222	0.876050	92.187500	-484.960937
426980.844222	0.882271	92.187500	-484.960937
426980.846223	0.882201	9.704214	0.369000
426981.888316	0.565973	302.832031	55.468750
426981.890316	0.849330	302.832031	55.468750
426981.892318	0.882537	302.832031	55.468750
426981.894317	0.879873	9.678603	0.141022
426982.938391	0.802589	90.136719	-488.671875
426982.940392	0.884102	90.136719	-488.671875
426982.942392	0.880880	9.689681	0.119534
426983.988456	0.883820	301.660156	54.003906
426983.990459	0.881247	9.693713	0.112034
426985.001004	0.521994	92.968750	-480.664062
426985.003006	0.827167	92.968750	-480.664062
426985.005007	0.883969	92.968750	-480.664062
426985.007006	0.880937	9.690310	0.145782
426986.083096	0.649086	300.195312	51.953125
426986.085096	0.876111	300.195312	51.953125
426986.087097	0.882069	300.195312	51.953125
426986.089097	0.879690	9.676591	0.088040
426987.098037	0.502112	89.062500	-489.941406
426987.100038	0.814714	89.062500	-489.941406
426987.102039	0.883199	89.062500	-489.941406
426987.104039	0.880120	9.681314	0.118718
426988.148045	0.740976	303.027344	52.734375
426988.152046	0.880900	303.027344	52.734375
426988.154047	0.879011	9.669120	0.113316
426989.194581	0.398733	87.792969	-491.796875
426989.196582	0.735412	87.792969	-491.796875
426989.198581	0.885360	87.792969	-491.796875
426989.200581	0.882849	9.711340	0.101375
426990.243526	0.462743	302.343750	51.757812
426990.245529	0.787769	302.343750	51.757812
426990.247531	0.883987	302.343750	51.757812
426990.249529	0.880728	9.688005	0.090900
426991.259529	1.596907	90.234375	-486.523437
426991.261529	0.810447	90.234375	-486.523437
426991.263532	0.883340	90.234375	-486.523437
426991.265531	0.880233	9.682564	0.126775
426992.309563	0.738803	305.468750	52.441406
426992.311563	0.884811	305.468750	52.441406
426992.313567	0.882013	9.702141	0.116559
426993.356122	0.400247	89.160156	-490.332031
426993.358122	0.736781	89.160156	-490.332031
426993.360120	0.885629	89.160156	-490.332031
426993.362122	0.883091	9.713999	0.104935
426994.404679	0.397816	302.929687	48.437500
426994.406680	0.410213	302.929687	48.437500
426994.408681	0.884775	302.929687	48.437500
426994.410682	0.882229	9.704516	0.098000
426995.420731	0.439387	97.265625	-471.386719
426995.422732	0.769798	97.265625	-471.386719
426995.424733	0.884337	97.265625	-471.386719
426995.426735	0.881160	9.692756	0.135631
426996.470703	0.673743	306.250000	49.609375
426996.472703	0.880607	306.250000	49.609375
426996.474704	0.882400	306.250000	49.609375
426996.476704	0.880099	9.681085	0.118415
426997.518738	0.582694	87.304687	-496.582031
426997.520740	0.856637	87.304687	-496.582031
426997.522741	0.882775	87.304687	-496.582031
426997.524740	0.880105	9.681155	0.103071
426998.568766	0.806057	307.031250	48.046875
426998.570769	0.883147	307.031250	48.046875
426998.574768	0.878418	9.662598	0.092559
426999.583373	0.623012	90.136719	-492.187500
426999.585374	0.869656	90.136719	-492.187500
426999.587377	0.881786	90.136719	-492.187500
426999.589375	0.879375	9.673125	0.136035
427000.631393	0.529713	311.816406	48.730469
427000.633398	0.831168	311.816406	48.730469
427000.635406	0.882838	311.816406	48.730469
427000.637406	0.879908	9.678984	0.123517
427001.681493	0.778404	88.085937	-498.242187
427001.683493	0.884195	88.085937	-498.242187
427001.685493	0.880862	9.689477	0.103093
427002.730087	0.781619	310.253906	44.921875
427002.734088	0.882980	310.253906	44.921875
427002.736091	0.881027	9.691294	0.095374
427003.748121	0.883540	94.335937	-485.351562
427003.750122	0.880410	9.684505	0.136793
427004.792155	0.397159	316.308594	45.703125
427004.794159	0.733978	316.308594	45.703125
427004.796157	0.884933	316.308594	45.703125
427004.798156	0.882408	9.706492	0.135172
427005.842215	0.650256	86.621094	-504.589844
427005.844218	0.875958	86.621094	-504.589844
427005.846217	0.881632	86.621094	-504.589844
427005.848217	0.879349	9.672842	0.106470
427006.892759	0.876426	319.921875	44.238281
427006.894761	0.884558	319.921875	44.238281
427006.896763	0.882163	9.703790	0.304565
427007.906778	0.674740	84.960937	-509.082031
427007.908781	0.880456	84.960937	-509.082031
427007.910780	0.881371	84.960937	-509.082031
427007.912780	0.879188	9.671070	0.473670
427008.956821	0.858117	324.902344	44.433594
427008.958821	0.882109	324.902344	44.433594
427008.960823	0.879537	9.674907	0.140333
427010.003427	3.188258	81.835937	-516.699219
427010.007430	0.882629	81.835937	-516.699219
427010.009430	0.880006	81.835937	-516.699219
427010.011431	0.878555	9.664104	0.110833
427011.051947	1.757467	325.390625	42.773437
427011.053950	0.857418	325.390625	42.773437
427011.055948	0.882706	325.390625	42.773437
427011.057951	0.880107	9.681181	0.113030
427012.066504	0.374525	88.281250	-499.218750
427012.070504	0.884133	88.281250	-499.218750
427012.072506	0.882311	88.281250	-499.218750
427012.074507	0.880202	9.682227	0.125349
427013.148552	0.494425	324.316406	40.527344
427013.150554	0.809730	324.316406	40.527344
427013.152556	0.883214	324.316406	40.527344
427013.154555	0.880126	9.681385	0.095961
427014.164547	0.524387	75.097656	-531.250000
427014.166550	0.828087	75.097656	-531.250000
427014.168551	0.882750	75.097656	-531.250000
427014.170549	0.879878	9.678656	0.098350
427015.212561	0.431865	329.199219	42.382812
427015.214564	0.763748	329.199219	42.382812
427015.216564	0.884716	329.199219	42.382812
427015.218566	0.881527	9.696797	0.121829
427016.228596	0.467666	78.222656	-521.679687
427016.230597	0.791507	78.222656	-521.679687
427016.232597	0.884583	78.222656	-521.679687
427016.234597	0.881393	9.695326	0.132755
427017.309050	0.313667	327.539062	40.527344
427017.311053	0.655565	327.539062	40.527344
427017.313052	0.877215	327.539062	40.527344
427017.315053	0.881793	327.539062	40.527344
427017.317053	0.879454	9.673994	0.106302
427018.327077	0.694288	79.003906	-518.066406
427018.329079	0.881961	79.003906	-518.066406
427018.331078	0.881273	9.694005	0.101924
427019.375078	0.597034	333.105469	42.773437
427019.377082	0.861688	333.105469	42.773437
427019.381078	0.879714	333.105469	42.773437
427019.383080	0.878205	9.660257	0.135410
427020.391087	0.629431	80.761719	-512.988281
427020.393088	0.871595	80.761719	-512.988281
427020.395088	0.882168	80.761719	-512.988281
427020.399086	0.878298	9.661277	0.270464
427021.471118	0.409542	330.371094	41.210937
427021.473120	0.744937	330.371094	41.210937
427021.475120	0.884589	330.371094	41.210937
427021.477121	0.881618	9.697798	0.103911
427022.487125	0.443425	74.707031	-527.734375
427022.489127	0.773412	74.707031	-527.734375
427022.491126	0.886756	74.707031	-527.734375
427022.493128	0.883809	9.721895	0.105518
427023.535179	0.352924	333.789062	42.382812
427023.537182	0.371339	333.789062	42.382812
427023.539181	0.881530	333.789062	42.382812
427023.541181	0.880987	9.690860	0.136045
427024.554137	0.841222	81.640625	-510.449219
427024.556144	0.882169	81.640625	-510.449219
427024.558150	0.879478	9.674260	0.135500
427025.632217	0.332675	328.808594	39.160156
427025.634220	0.673623	328.808594	39.160156
427025.636218	0.882010	328.808594	39.160156
427025.638219	0.884145	328.808594	39.160156
427025.640218	0.881769	9.699455	0.111319
427026.652260	0.882495	80.468750	-512.207031
427026.654263	0.880625	9.686872	0.105327
427027.698308	0.623889	330.371094	40.429687
427027.702308	0.881525	330.371094	40.429687
427027.704309	0.879239	330.371094	40.429687
427027.706308	0.877787	9.655659	0.129884
427028.746368	0.537001	74.804687	-527.148437
427028.748369	0.835370	74.804687	-527.148437
427028.750369	0.883308	74.804687	-527.148437
427028.752369	0.880416	9.684576	0.087617
427029.794378	0.442124	328.417969	39.746094
427029.796382	0.772182	328.417969	39.746094
427029.798387	0.885317	328.417969	39.746094
427029.800389	0.882143	9.703576	0.100649
427030.810380	0.473561	83.984375	-504.199219
427030.816379	0.880731	83.984375	-504.199219
427030.818388	0.878927	83.984375	-504.199219
427030.822387	0.876747	9.644217	0.120633
427031.860972	0.798618	331.933594	42.773437
427031.862973	0.802086	331.933594	42.773437
427031.864973	0.880569	9.686259	0.129373
427032.909580	0.802253	82.617187	-507.519531
427032.911582	0.883573	82.617187	-507.519531
427032.913582	0.880364	9.684000	0.097787
427033.956557	0.548867	324.609375	39.941406
427033.958561	0.841297	324.609375	39.941406
427033.960559	0.882919	324.609375	39.941406
427033.962560	0.880144	9.681580	0.101716
427034.972636	0.595786	90.039062	-487.109375
427034.974637	0.861198	90.039062	-487.109375
427034.976636	0.882195	90.039062	-487.109375
427034.978636	0.879692	9.676618	0.126008
427036.024640	0.817919	325.000000	42.285156
427036.026642	0.880339	325.000000	42.285156
427036.028642	0.878689	9.665585	0.125408
427037.068721	0.415798	83.984375	-498.730469
427037.070724	0.750246	83.984375	-498.730469
427037.072724	0.884618	83.984375	-498.730469
427037.074723	0.881696	9.698658	0.107682
427038.118716	0.655782	323.242187	42.871094
427038.120718	0.877271	323.242187	42.871094
427038.122717	0.881769	323.242187	42.871094
427038.124717	0.879443	9.673870	0.094652
427039.135302	0.777123	87.597656	-486.132812
427039.137303	0.885121	87.597656	-486.132812
427039.139302	0.881987	9.701858	0.134447
427040.180789	2.195608	324.707031	44.628906
427040.186149	0.883660	324.707031	44.628906
427040.188151	0.880519	9.685710	0.535830
427041.230716	0.492111	87.500000	-482.128906
427041.232716	0.504386	87.500000	-482.128906
427041.234715	0.883063	87.500000	-482.128906
427041.236716	0.879958	9.679543	0.112101
427042.281221	0.799987	320.800781	44.531250
427042.283224	0.883224	320.800781	44.531250
427042.285222	0.880095	9.681048	0.095088
427043.295772	0.605529	91.015625	-469.628906
427043.297773	0.864245	91.015625	-469.628906
427043.299774	0.881725	91.015625	-469.628906
427043.301773	0.879249	9.671734	0.189050
427044.343783	0.509912	323.339844	46.191406
427044.345786	0.819494	323.339844	46.191406
427044.347785	0.883047	323.339844	46.191406
427044.349786	0.879995	9.679941	0.123350
427045.393761	0.744152	88.378906	-472.460937
427045.395761	0.884553	88.378906	-472.460937
427045.397762	0.881799	9.699793	0.115697
427046.440270	0.397940	320.898437	46.191406
427046.442274	0.734625	320.898437	46.191406
427046.444273	0.739931	320.898437	46.191406
427046.446274	0.881836	9.700191	0.100682
427047.489175	0.451841	80.371094	-484.472656
427047.491177	0.779760	80.371094	-484.472656
427047.495176	0.881873	80.371094	-484.472656
427047.497178	0.880001	9.680012	0.092266
427048.505208	0.491976	321.777344	46.191406
427048.507211	0.807943	321.777344	46.191406
427048.509211	0.882836	321.777344	46.191406
427048.511210	0.879788	9.677663	0.134766
427049.553203	0.392914	88.183594	-466.308594
427049.555204	0.730143	88.183594	-466.308594
427049.557204	0.884991	88.183594	-466.308594
427049.559204	0.882567	9.708239	0.119817
427050.603262	0.642397	320.800781	46.484375
427050.605262	0.874572	320.800781	46.484375
427050.609261	0.879551	320.800781	46.484375
427050.611262	0.878128	9.659407	0.304992
427051.651746	0.629743	84.277344	-473.046875
427051.653750	0.871412	84.277344	-473.046875
427051.655749	0.881836	84.277344	-473.046875
427051.657750	0.881736	9.699093	0.091312
427052.666350	0.424849	323.632812	47.363281
427052.668353	0.757928	323.632812	47.363281
427052.670351	0.884808	323.632812	47.363281
427052.672351	0.881704	9.698747	0.130916
427053.716381	0.670349	88.769531	-460.058594
427053.718384	0.880090	88.769531	-460.058594
427053.720385	0.882292	88.769531	-460.058594
427053.722385	0.879983	9.679808	0.443545
427054.762945	0.328419	323.535156	46.875000
427054.764948	0.669512	323.535156	46.875000
427054.766954	0.879980	323.535156	46.875000
427054.770951	0.879900	323.535156	46.875000
427054.772954	0.878486	9.663342	0.107101
427055.814984	0.855040	79.199219	-478.125000
427055.818983	0.880421	79.199219	-478.125000
427055.820986	0.878892	9.667817	0.091822
427056.862973	0.800076	317.968750	43.847656
427056.864975	0.883301	317.968750	43.847656
427056.866976	0.880128	9.681412	0.083165
427057.878994	0.822360	84.472656	-467.773437
427057.880992	0.883262	84.472656	-467.773437
427057.882997	0.880221	9.682431	0.112495
427058.925459	0.494719	324.023437	46.191406
427058.927459	0.809935	324.023437	46.191406
427058.929469	0.883389	324.023437	46.191406
427058.931473	0.880294	9.683229	0.114659
427059.974037	0.498124	86.132812	-463.769531
427059.976044	0.812104	86.132812	-463.769531
427059.978043	0.882968	86.132812	-463.769531
427059.980044	0.879904	9.678948	0.096954
427061.022101	0.410856	321.093750	44.140625
427061.024104	0.745898	321.093750	44.140625
427061.026102	0.883579	321.093750	44.140625
427061.028103	0.880618	9.686800	0.091638
427062.038668	0.538382	87.402344	-461.230469
427062.040672	0.836023	87.402344	-461.230469
427062.042676	0.883222	87.402344	-461.230469
427062.046679	0.878805	9.666851	0.123031
427063.086693	0.446772	325.976562	45.800781
427063.088696	0.776192	325.976562	45.800781
427063.090696	0.887121	325.976562	45.800781
427063.092696	0.884179	9.725971	0.111040
427064.135638	0.509686	83.398437	-470.605469
427064.137640	0.819343	83.398437	-470.605469
427064.139640	0.882951	83.398437	-470.605469
427064.141642	0.879934	9.679276	0.102118
427065.183638	0.411720	323.339844	43.457031
427065.185640	0.746602	323.339844	43.457031
427065.189640	0.880975	323.339844	43.457031
427065.191640	0.879040	9.669438	0.090723
427066.200222	0.542931	87.597656	-463.183594
427066.204222	0.882882	87.597656	-463.183594
427066.206225	0.880024	87.597656	-463.183594
427066.208227	0.878421	9.662633	0.127911
427067.250297	0.783909	327.636719	43.945312
427067.252299	0.883343	327.636719	43.945312
427067.256297	0.878386	9.662251	0.115701
427068.296289	0.358143	84.863281	-470.996094
427068.298291	0.697820	84.863281	-470.996094
427068.300290	0.882280	84.863281	-470.996094
427068.302289	0.881357	9.694927	0.100576
427069.346867	0.697706	327.148437	42.285156
427069.348868	0.881985	327.148437	42.285156
427069.350868	0.880994	9.690930	0.087900
427070.361799	0.549276	88.378906	-466.308594
427070.363802	0.841290	88.378906	-466.308594
427070.365800	0.882234	88.378906	-466.308594
427070.367802	0.879495	9.674446	0.129245
427071.409813	0.455206	333.105469	42.285156
427071.411815	0.782951	333.105469	42.285156
427071.413814	0.887870	333.105469	42.285156
427071.415816	0.884837	9.733204	0.125245
427072.458372	0.449738	85.742187	-474.023437
427072.460374	0.777923	85.742187	-474.023437
427072.462376	0.884153	85.742187	-474.023437
427072.464374	0.880914	9.690053	0.105800
427073.507301	0.508347	331.445312	39.843750
427073.509304	0.818456	331.445312	39.843750
427073.513301	0.879775	331.445312	39.843750
427073.515305	0.878142	9.659567	0.098067
427074.523872	0.638773	90.820312	-465.332031
427074.525873	0.873788	90.820312	-465.332031
427074.527872	0.881944	90.820312	-465.332031
427074.529874	0.879536	9.674898	0.133544
427075.570816	0.361505	335.351562	39.062500
427075.572818	0.700998	335.351562	39.062500
427075.574820	0.882788	335.351562	39.062500
427075.576817	0.881728	9.699004	0.131391
427076.620819	0.604686	82.519531	-484.375000
427076.622821	0.864491	82.519531	-484.375000
427076.624823	0.882619	82.519531	-484.375000
427076.626822	0.880057	9.680632	0.145812
427077.669764	0.666170	338.574219	38.281250
427077.671765	0.878934	338.574219	38.281250
427077.673764	0.881582	338.574219	38.281250
427077.675764	0.879353	9.672887	0.413249
427078.683809	0.366986	82.812500	-486.132812
427078.685811	0.706069	82.812500	-486.132812
427078.687813	0.883596	82.812500	-486.132812
427078.689811	0.883847	9.722321	0.131732
427079.731865	0.275412	344.433594	38.574219
427079.733867	0.619139	344.433594	38.574219
427079.735867	0.868536	344.433594	38.574219
427079.737868	0.881931	344.433594	38.574219
427079.739867	0.879423	9.673657	0.135072
427080.780378	0.263939	80.761719	-490.039062
427080.782381	0.608310	80.761719	-490.039062
427080.784380	0.865295	80.761719	-490.039062
427080.786379	0.881857	80.761719	-490.039062
427080.788381	0.879431	9.673738	0.103279
427081.830420	0.518487	342.773437	36.621094
427081.832423	0.824634	342.773437	36.621094
427081.834423	0.882934	342.773437	36.621094
427081.836424	0.880006	9.680065	0.106523
427082.847013	0.649797	80.664062	-491.015625
427082.851013	0.881522	80.664062	-491.015625
427082.853016	0.879176	80.664062	-491.015625
427082.855016	0.877791	9.655703	0.355464
427083.927107	0.440725	341.992187	35.156250
427083.929111	0.771049	341.992187	35.156250
427083.931112	0.885351	341.992187	35.156250
427083.933110	0.882276	9.705039	0.085829
427084.947111	0.883476	75.976562	-499.218750
427084.949113	0.880322	9.683539	0.095975
427085.991679	0.473264	347.460937	36.718750
427085.993683	0.795360	347.460937	36.718750
427085.995682	0.883868	347.460937	36.718750
427085.997682	0.880644	9.687083	0.110030
427087.007648	0.499761	80.078125	-489.453125
427087.009648	0.813122	80.078125	-489.453125
427087.011651	0.882818	80.078125	-489.453125
427087.013655	0.879733	9.677061	0.121792
427088.087646	0.264398	343.554687	34.375000
427088.089645	0.608638	343.554687	34.375000
427088.091646	0.865504	343.554687	34.375000
427088.093647	0.882119	343.554687	34.375000
427088.095646	0.879598	9.675581	0.095577
427089.105715	0.652352	77.441406	-494.335937
427089.107717	0.876063	77.441406	-494.335937
427089.109718	0.881110	77.441406	-494.335937
427089.111717	0.878871	9.667578	0.348962
427090.153738	0.559135	349.218750	36.132812
427090.155739	0.845923	349.218750	36.132812
427090.157740	0.882018	349.218750	36.132812
427090.159739	0.879389	9.673276	0.120161
427091.168232	0.336581	78.906250	-490.136719
427091.170241	0.677326	78.906250	-490.136719
427091.172249	0.880370	78.906250	-490.136719
427091.174246	0.881109	78.906250	-490.136719
427091.176246	0.878989	9.668880	0.126321
427092.250272	0.457716	342.968750	33.984375
427092.252274	0.784274	342.968750	33.984375
427092.254276	0.885267	342.968750	33.984375
427092.256275	0.882111	9.703222	0.094952
427093.266313	0.495197	73.339844	-501.367187
427093.268315	0.810171	73.339844	-501.367187
427093.270316	0.883100	73.339844	-501.367187
427093.272315	0.879986	9.679843	0.106665
427094.316345	0.739463	350.195312	36.230469
427094.318347	0.883142	350.195312	36.230469
427094.320346	0.880306	9.683361	0.122318
427095.362913	0.402081	73.144531	-499.511719
427095.364915	0.738308	73.144531	-499.511719
427095.366915	0.884564	73.144531	-499.511719
427095.368915	0.881739	9.699128	0.083123
427096.413480	0.737395	345.800781	34.863281
427096.415482	0.744162	345.800781	34.863281
427096.417482	0.881469	9.696159	0.093477
427097.427987	0.520297	77.636719	-490.332031
427097.429989	0.825617	77.636719	-490.332031
427097.431990	0.882798	77.636719	-490.332031
427097.433991	0.879882	9.678700	0.101815
427098.476037	0.430384	349.316406	36.816406
427098.478040	0.762660	349.316406	36.816406
427098.480044	0.885542	349.316406	36.816406
427098.482041	0.882462	9.707087	0.121345
427099.524994	0.494776	77.636719	-488.476562
427099.526996	0.809845	77.636719	-488.476562
427099.528996	0.883063	77.636719	-488.476562
427099.530998	0.879934	9.679276	0.084479
427100.573068	0.409767	345.605469	35.742187
427100.575070	0.744966	345.605469	35.742187
427100.577069	0.884232	345.605469	35.742187
427100.579070	0.881379	9.695167	0.091909
427101.589121	0.451669	80.664062	-479.492187
427101.591125	0.779512	80.664062	-479.492187
427101.593126	0.884978	80.664062	-479.492187
427101.595125	0.881923	9.701149	0.111591
427102.639099	0.686822	343.750000	35.937500
427102.641101	0.881196	343.750000	35.937500
427102.647099	0.877686	9.654542	0.112876
427103.687154	0.598599	79.980469	-477.929687
427103.689156	0.861669	79.980469	-477.929687
427103.691157	0.881513	79.980469	-477.929687
427103.693157	0.879060	9.669661	0.095856
427104.737692	0.859763	338.281250	35.546875
427104.739693	0.861753	338.281250	35.546875
427104.741694	0.879817	9.677982	0.089113
427105.749736	0.289151	88.476562	-455.664062
427105.751737	0.632189	88.476562	-455.664062
427105.753738	0.871908	88.476562	-455.664062
427105.755737	0.881502	88.476562	-455.664062
427105.757737	0.879162	9.670786	0.124655
427106.800220	0.615972	345.117187	38.769531
427106.802225	0.867483	345.117187	38.769531
427106.804222	0.881721	345.117187	38.769531
427106.808222	0.877891	9.656801	0.206789
427107.849172	0.438463	83.398437	-461.425781
427107.851176	0.880485	83.398437	-461.425781
427107.853176	0.881222	83.398437	-461.425781
427107.855177	0.879029	9.669324	0.098808
427108.897762	0.680966	338.964844	38.476562
427108.899762	0.880824	338.964844	38.476562
427108.901762	0.881389	9.695281	0.092112
427109.912314	0.470720	86.718750	-450.976562
427109.914316	0.793383	86.718750	-450.976562
427109.916316	0.883284	86.718750	-450.976562
427109.918315	0.880040	9.680437	0.134117
427110.962360	0.717663	340.234375	40.039062
427110.964364	0.726204	340.234375	40.039062
427110.968364	0.878776	9.666541	0.119776
427112.010368	0.622206	85.546875	-448.242187
427112.012372	0.869229	85.546875	-448.242187
427112.016369	0.879112	85.546875	-448.242187
427112.018370	0.877698	9.654675	0.223423
427113.057298	0.341460	338.085937	40.136719
427113.059306	0.681843	338.085937	40.136719
427113.061304	0.881841	338.085937	40.136719
427113.063304	0.882582	9.708398	0.089138
427114.073308	0.377246	89.941406	-433.398437
427114.075308	0.715600	89.941406	-433.398437
427114.077308	0.882413	89.941406	-433.398437
427114.079309	0.880295	9.683247	0.132479
427115.123323	0.620587	341.308594	41.894531
427115.125325	0.868698	341.308594	41.894531
427115.127326	0.881567	341.308594	41.894531
427115.131324	0.877729	9.655021	0.230515
427116.175940	0.881637	86.035156	-438.085937
427116.177943	0.879217	9.671389	0.101338
427117.218487	0.280373	338.769531	41.406250
427117.220488	0.295655	338.769531	41.406250
427117.222490	0.869788	338.769531	41.406250
427117.224487	0.881769	338.769531	41.406250
427117.226487	0.879349	9.672842	0.097952
427118.268483	0.526161	77.734375	-448.242187
427118.270485	0.829217	77.734375	-448.242187
427118.272486	0.883250	77.734375	-448.242187
427118.274485	0.880289	9.683176	0.079850
427119.284583	0.575068	338.964844	41.406250
427119.286585	0.853176	338.964844	41.406250
427119.288584	0.882309	338.964844	41.406250
427119.290585	0.879718	9.676901	0.122999
427120.332610	0.483222	86.523437	-430.175781
427120.334612	0.802058	86.523437	-430.175781
427120.336612	0.883068	86.523437	-430.175781
427120.338620	0.879937	9.679312	0.106829
427121.381207	0.487205	337.597656	41.015625
427121.383209	0.804792	337.597656	41.015625
427121.385209	0.882982	337.597656	41.015625
427121.387208	0.879876	9.678638	0.095234
427122.431281	0.737439	82.421875	-436.816406
427122.433285	0.883532	82.421875	-436.816406
427122.435285	0.880741	9.688147	0.735343
427123.446269	0.601747	341.015625	42.187500
427123.448269	0.863135	341.015625	42.187500
427123.450270	0.882097	341.015625	42.187500
427123.452269	0.879646	9.676104	0.158944
427124.496284	0.817848	85.351562	-429.492187
427124.498288	0.882662	85.351562	-429.492187
427124.500292	0.879640	9.676041	0.111973
427125.542301	0.412176	340.136719	41.113281
427125.544303	0.426233	340.136719	41.113281
427125.546303	0.883959	340.136719	41.113281
427125.548305	0.880934	9.690274	0.101092
427126.590838	0.405808	83.007812	-432.812500
427126.592840	0.741444	83.007812	-432.812500
427126.594839	0.884018	83.007812	-432.812500
427126.596839	0.881142	9.692561	0.084342
427127.606891	0.448003	343.359375	41.992187
427127.608893	0.776549	343.359375	41.992187
427127.610896	0.884467	343.359375	41.992187
427127.612893	0.881168	9.692844	0.125067
427128.656973	0.701202	87.890625	-423.925781
427128.658975	0.882457	87.890625	-423.925781
427128.660976	0.881246	9.693704	0.574230
427129.703948	0.429405	342.187500	40.820312
427129.705950	0.761659	342.187500	40.820312
427129.707950	0.884622	342.187500	40.820312
427129.709950	0.881426	9.695689	0.098585
427130.752900	0.492625	78.906250	-440.136719
427130.754900	0.808523	78.906250	-440.136719
427130.756903	0.883239	78.906250	-440.136719
427130.758900	0.880102	9.681120	0.088504
427131.768898	0.525061	349.121094	42.089844
427131.770900	0.828202	349.121094	42.089844
427131.772902	0.882280	349.121094	42.089844
427131.774901	0.879439	9.673825	0.127272
427132.816908	0.429033	89.355469	-422.656250
427132.818911	0.761423	89.355469	-422.656250
427132.820910	0.885273	89.355469	-422.656250
427132.822911	0.882192	9.704108	0.120407
427133.865875	0.494910	343.945312	38.867187
427133.867878	0.810111	343.945312	38.867187
427133.869877	0.883382	343.945312	38.867187
427133.871879	0.880302	9.683326	0.105605
427134.914391	0.483887	78.613281	-443.457031
427134.916393	0.802715	78.613281	-443.457031
427134.918393	0.883486	78.613281	-443.457031
427134.920395	0.880311	9.683424	0.090567
427135.964430	0.730832	340.820312	37.207031
427135.966432	0.883709	340.820312	37.207031
427135.968432	0.881114	9.692259	0.082598
427136.978990	0.522463	85.058594	-435.058594
427136.980990	0.826751	85.058594	-435.058594
427136.982990	0.882549	85.058594	-435.058594
427136.984992	0.879592	9.675509	0.119273
427138.029078	0.502232	347.656250	38.085937
427138.031082	0.884008	347.656250	38.085937
427138.033081	0.880801	9.688812	0.109849
427139.075584	0.428155	82.812500	-442.675781
427139.077585	0.760676	82.812500	-442.675781
427139.079587	0.885068	82.812500	-442.675781
427139.081585	0.881946	9.701406	0.093034
