crossing time (s)	slope (V/s)	crossing number
281474976710655.000000	5.849873	27293	0.000000
281474976710655.000000	5.428391	27294	0.000000
281474976710655.000000	5.059447	27295	426833018880.000000
281474976710655.000000	5.431904	27296	426834067456.000000
281474976710655.000000	5.641232	27297	426835083264.000000
281474976710655.000000	4.814518	27298	426836131840.000000
281474976710655.000000	5.534390	27299	426837180416.000000
281474976710655.000000	5.213459	27300	426838228992.000000
281474976710655.000000	5.336383	27301	426839244800.000000
281474976710655.000000	5.704134	27302	426840326144.000000
281474976710655.000000	5.734781	27303	426841341952.000000
281474976710655.000000	5.328566	27304	426842390528.000000
281474976710655.000000	5.401157	27305	426843406336.000000
281474976710655.000000	5.252772	27306	426844487680.000000
281474976710655.000000	5.188833	27307	426845503488.000000
281474976710655.000000	5.273472	27308	426846552064.000000
281474976710655.000000	5.691901	27309	426847600640.000000
281474976710655.000000	5.687950	27310	426848649216.000000
281474976710655.000000	5.698958	27311	426849665024.000000
281474976710655.000000	5.590863	27312	426850713600.000000
281474976710655.000000	5.368649	27313	426851762176.000000
281474976710655.000000	5.256606	27314	426852810752.000000
281474976710655.000000	5.426046	27315	426853826560.000000
281474976710655.000000	5.607050	27316	426854875136.000000
281474976710655.000000	5.898277	27317	426855923712.000000
281474976710655.000000	5.886262	27318	426856972288.000000
281474976710655.000000	5.820637	27319	426857988096.000000
281474976710655.000000	5.501279	27320	426859069440.000000
281474976710655.000000	5.453781	27321	426860085248.000000
281474976710655.000000	5.742770	27322	426861133824.000000
281474976710655.000000	5.787217	27323	426862149632.000000
281474976710655.000000	5.826764	27324	426863230976.000000
281474976710655.000000	5.652546	27325	426864246784.000000
281474976710655.000000	5.591636	27326	426865295360.000000
281474976710655.000000	5.629569	27327	426866311168.000000
281474976710655.000000	6.012894	27328	426867392512.000000
281474976710655.000000	5.857834	27329	426868408320.000000
281474976710655.000000	5.878164	27330	426869489664.000000
281474976710655.000000	5.551756	27331	426870472704.000000
281474976710655.000000	5.724825	27332	426871554048.000000
281474976710655.000000	5.790408	27333	426872569856.000000
281474976710655.000000	6.114323	27334	426873651200.000000
281474976710655.000000	5.893297	27335	426874667008.000000
281474976710655.000000	5.864688	27336	426875715584.000000
281474976710655.000000	5.683475	27337	426876731392.000000
281474976710655.000000	5.917890	27338	426877812736.000000
281474976710655.000000	5.855331	27339	426878828544.000000
281474976710655.000000	5.918696	27340	426879877120.000000
281474976710655.000000	5.974867	27341	426880892928.000000
281474976710655.000000	5.799961	27342	426881974272.000000
281474976710655.000000	6.142242	27343	426882990080.000000
281474976710655.000000	6.169919	27344	426884038656.000000
281474976710655.000000	5.978549	27345	426885087232.000000
281474976710655.000000	5.969688	27346	426886135808.000000
281474976710655.000000	5.789970	27347	426887151616.000000
281474976710655.000000	5.794747	27348	426888200192.000000
281474976710655.000000	5.946834	27349	426889248768.000000
281474976710655.000000	6.080421	27350	426890297344.000000
281474976710655.000000	6.066259	27351	426891313152.000000
281474976710655.000000	5.934649	27352	426892361728.000000
281474976710655.000000	5.992195	27353	426893410304.000000
281474976710655.000000	6.013369	27354	426894458880.000000
281474976710655.000000	6.008120	27355	426895474688.000000
281474976710655.000000	5.948029	27356	426896523264.000000
281474976710655.000000	6.156144	27357	426897571840.000000
281474976710655.000000	6.023600	27358	426898620416.000000
281474976710655.000000	6.058152	27359	426899636224.000000
281474976710655.000000	6.164384	27360	426900684800.000000
281474976710655.000000	6.274675	27361	426901733376.000000
281474976710655.000000	6.046360	27362	426902781952.000000
281474976710655.000000	6.100743	27363	426903797760.000000
281474976710655.000000	5.996550	27364	426904879104.000000
281474976710655.000000	6.098947	27365	426905894912.000000
281474976710655.000000	6.223159	27366	426906943488.000000
281474976710655.000000	6.350653	27367	426907959296.000000
281474976710655.000000	6.095845	27368	426909040640.000000
281474976710655.000000	6.134471	27369	426910056448.000000
281474976710655.000000	6.055966	27370	426911105024.000000
281474976710655.000000	6.155622	27371	426912153600.000000
281474976710655.000000	6.247793	27372	426913202176.000000
281474976710655.000000	6.214383	27373	426914217984.000000
281474976710655.000000	6.186096	27374	426915266560.000000
281474976710655.000000	6.245169	27375	426916315136.000000
281474976710655.000000	6.185126	27376	426917363712.000000
281474976710655.000000	6.160844	27377	426918379520.000000
281474976710655.000000	6.167995	27378	426919428096.000000
281474976710655.000000	6.307231	27379	426920476672.000000
281474976710655.000000	6.307745	27380	426921525248.000000
281474976710655.000000	6.126639	27381	426922541056.000000
281474976710655.000000	6.239211	27382	426923589632.000000
281474976710655.000000	6.338477	27383	426924638208.000000
281474976710655.000000	6.263918	27384	426925686784.000000
281474976710655.000000	6.153952	27385	426926735360.000000
281474976710655.000000	6.097195	27386	426927751168.000000
281474976710655.000000	6.216516	27387	426928799744.000000
281474976710655.000000	6.495727	27388	426929848320.000000
281474976710655.000000	6.467980	27389	426930896896.000000
281474976710655.000000	6.411475	27390	426931945472.000000
281474976710655.000000	6.298161	27391	426932961280.000000
281474976710655.000000	6.193522	27392	426934009856.000000
281474976710655.000000	6.227536	27393	426935058432.000000
281474976710655.000000	6.398649	27394	426936107008.000000
281474976710655.000000	6.434707	27395	426937122816.000000
281474976710655.000000	6.488020	27396	426938171392.000000
281474976710655.000000	6.375439	27397	426939219968.000000
281474976710655.000000	6.403011	27398	426940268544.000000
281474976710655.000000	6.401433	27399	426941284352.000000
281474976710655.000000	6.329517	27400	426942332928.000000
281474976710655.000000	6.285554	27401	426943381504.000000
281474976710655.000000	6.553430	27402	426944430080.000000
281474976710655.000000	6.411100	27403	426945445888.000000
281474976710655.000000	6.482635	27404	426946527232.000000
281474976710655.000000	6.436695	27405	426947543040.000000
281474976710655.000000	6.371720	27406	426948591616.000000
281474976710655.000000	6.311461	27407	426949607424.000000
281474976710655.000000	6.675667	27408	426950688768.000000
281474976710655.000000	6.485946	27409	426951704576.000000
281474976710655.000000	6.527492	27410	426952753152.000000
281474976710655.000000	6.456377	27411	426953768960.000000
281474976710655.000000	6.378477	27412	426954850304.000000
281474976710655.000000	6.421363	27413	426955866112.000000
281474976710655.000000	6.605405	27414	426956914688.000000
281474976710655.000000	6.691823	27415	426957930496.000000
281474976710655.000000	6.468869	27416	426959011840.000000
281474976710655.000000	6.557622	27417	426960027648.000000
281474976710655.000000	6.528687	27418	426961076224.000000
281474976710655.000000	6.399646	27419	426962124800.000000
281474976710655.000000	6.508367	27420	426963173376.000000
281474976710655.000000	6.559956	27421	426964189184.000000
281474976710655.000000	6.486215	27422	426965237760.000000
281474976710655.000000	6.452023	27423	426966286336.000000
281474976710655.000000	6.521241	27424	426967334912.000000
281474976710655.000000	6.512192	27425	426968350720.000000
281474976710655.000000	6.520569	27426	426969399296.000000
281474976710655.000000	6.553298	27427	426970447872.000000
281474976710655.000000	6.563152	27428	426971496448.000000
281474976710655.000000	6.526851	27429	426972512256.000000
281474976710655.000000	6.555658	27430	426973560832.000000
281474976710655.000000	6.625911	27431	426974609408.000000
281474976710655.000000	6.585114	27432	426975657984.000000
281474976710655.000000	6.497633	27433	426976673792.000000
281474976710655.000000	6.594218	27434	426977722368.000000
281474976710655.000000	6.718544	27435	426978770944.000000
281474976710655.000000	6.737285	27436	426979819520.000000
281474976710655.000000	6.566537	27437	426980835328.000000
281474976710655.000000	6.526130	27438	426981883904.000000
281474976710655.000000	6.660011	27439	426982932480.000000
281474976710655.000000	6.749338	27440	426983981056.000000
281474976710655.000000	6.579853	27441	426984996864.000000
281474976710655.000000	6.701616	27442	426986078208.000000
281474976710655.000000	6.500517	27443	426987094016.000000
281474976710655.000000	6.613978	27444	426988142592.000000
281474976710655.000000	6.552534	27445	426989191168.000000
281474976710655.000000	6.642509	27446	426990239744.000000
281474976710655.000000	6.573009	27447	426991255552.000000
281474976710655.000000	6.731598	27448	426992304128.000000
281474976710655.000000	6.718547	27449	426993352704.000000
281474976710655.000000	6.662384	27450	426994401280.000000
281474976710655.000000	6.419530	27451	426995417088.000000
281474976710655.000000	6.596282	27452	426996465664.000000
281474976710655.000000	6.703982	27453	426997514240.000000
281474976710655.000000	6.755411	27454	426998562816.000000
281474976710655.000000	6.608722	27455	426999578624.000000
281474976710655.000000	6.723402	27456	427000627200.000000
281474976710655.000000	6.662205	27457	427001675776.000000
281474976710655.000000	6.688612	27458	427002724352.000000
281474976710655.000000	6.741968	27459	427003740160.000000
281474976710655.000000	6.706212	27460	427004788736.000000
281474976710655.000000	6.696148	27461	427005837312.000000
281474976710655.000000	6.776662	27462	427006885888.000000
281474976710655.000000	6.888063	27463	427007901696.000000
281474976710655.000000	6.670959	27464	427008950272.000000
281474976710655.000000	6.722023	27465	427009998848.000000
281474976710655.000000	6.762935	27466	427011047424.000000
281474976710655.000000	6.872223	27467	427012063232.000000
281474976710655.000000	6.839812	27468	427013144576.000000
281474976710655.000000	6.816485	27469	427014160384.000000
281474976710655.000000	6.787180	27470	427015208960.000000
281474976710655.000000	6.755577	27471	427016224768.000000
281474976710655.000000	6.722132	27472	427017306112.000000
281474976710655.000000	6.756126	27473	427018321920.000000
281474976710655.000000	6.909383	27474	427019370496.000000
281474976710655.000000	6.877711	27475	427020386304.000000
281474976710655.000000	6.795229	27476	427021467648.000000
281474976710655.000000	6.800225	27477	427022483456.000000
281474976710655.000000	6.786113	27478	427023532032.000000
281474976710655.000000	6.728945	27479	427024547840.000000
281474976710655.000000	6.902643	27480	427025629184.000000
281474976710655.000000	6.930634	27481	427026644992.000000
281474976710655.000000	6.901882	27482	427027693568.000000
281474976710655.000000	6.825624	27483	427028742144.000000
281474976710655.000000	6.836369	27484	427029790720.000000
281474976710655.000000	6.770681	27485	427030806528.000000
281474976710655.000000	6.835988	27486	427031855104.000000
281474976710655.000000	6.868350	27487	427032903680.000000
281474976710655.000000	6.925450	27488	427033952256.000000
281474976710655.000000	6.977953	27489	427034968064.000000
281474976710655.000000	6.863388	27490	427036016640.000000
281474976710655.000000	6.728892	27491	427037065216.000000
281474976710655.000000	6.826866	27492	427038113792.000000
281474976710655.000000	6.825243	27493	427039129600.000000
281474976710655.000000	6.835123	27494	427040178176.000000
281474976710655.000000	6.877022	27495	427041226752.000000
281474976710655.000000	6.984251	27496	427042275328.000000
281474976710655.000000	6.801430	27497	427043291136.000000
281474976710655.000000	6.901762	27498	427044339712.000000
281474976710655.000000	6.962770	27499	427045388288.000000
281474976710655.000000	6.939481	27500	427046436864.000000
281474976710655.000000	6.780886	27501	427047485440.000000
281474976710655.000000	6.745396	27502	427048501248.000000
281474976710655.000000	6.902559	27503	427049549824.000000
281474976710655.000000	7.115545	27504	427050598400.000000
281474976710655.000000	6.934339	27505	427051646976.000000
281474976710655.000000	6.827409	27506	427052662784.000000
281474976710655.000000	6.840445	27507	427053711360.000000
281474976710655.000000	6.916770	27508	427054759936.000000
281474976710655.000000	6.907553	27509	427055808512.000000
281474976710655.000000	6.964405	27510	427056857088.000000
281474976710655.000000	6.792858	27511	427057872896.000000
281474976710655.000000	6.978176	27512	427058921472.000000
281474976710655.000000	6.841260	27513	427059970048.000000
281474976710655.000000	6.948122	27514	427061018624.000000
281474976710655.000000	6.826643	27515	427062034432.000000
281474976710655.000000	6.925927	27516	427063083008.000000
281474976710655.000000	6.854394	27517	427064131584.000000
281474976710655.000000	6.948965	27518	427065180160.000000
281474976710655.000000	6.797074	27519	427066195968.000000
281474976710655.000000	6.965275	27520	427067244544.000000
281474976710655.000000	6.941103	27521	427068293120.000000
281474976710655.000000	7.002450	27522	427069341696.000000
281474976710655.000000	6.838053	27523	427070357504.000000
281474976710655.000000	6.929717	27524	427071406080.000000
281474976710655.000000	6.956189	27525	427072454656.000000
281474976710655.000000	6.963431	27526	427073503232.000000
281474976710655.000000	6.990461	27527	427074519040.000000
281474976710655.000000	6.976480	27528	427075567616.000000
281474976710655.000000	6.932765	27529	427076616192.000000
281474976710655.000000	7.033677	27530	427077664768.000000
281474976710655.000000	7.187252	27531	427078680576.000000
281474976710655.000000	6.939465	27532	427079729152.000000
281474976710655.000000	6.999097	27533	427080777728.000000
281474976710655.000000	7.063567	27534	427081826304.000000
281474976710655.000000	7.053897	27535	427082842112.000000
281474976710655.000000	7.053449	27536	427083923456.000000
281474976710655.000000	7.041525	27537	427084939264.000000
281474976710655.000000	7.021667	27538	427085987840.000000
281474976710655.000000	6.987109	27539	427087003648.000000
281474976710655.000000	6.962798	27540	427088084992.000000
281474976710655.000000	7.000997	27541	427089100800.000000
281474976710655.000000	7.111582	27542	427090149376.000000
281474976710655.000000	7.124258	27543	427091165184.000000
281474976710655.000000	6.982445	27544	427092246528.000000
281474976710655.000000	6.984592	27545	427093262336.000000
281474976710655.000000	7.039479	27546	427094310912.000000
281474976710655.000000	7.129193	27547	427095359488.000000
281474976710655.000000	7.163759	27548	427096408064.000000
281474976710655.000000	7.061467	27549	427097423872.000000
281474976710655.000000	6.951668	27550	427098472448.000000
281474976710655.000000	6.922659	27551	427099521024.000000
281474976710655.000000	7.048189	27552	427100569600.000000
281474976710655.000000	7.185971	27553	427101585408.000000
281474976710655.000000	7.175803	27554	427102633984.000000
281474976710655.000000	7.081677	27555	427103682560.000000
281474976710655.000000	7.018762	27556	427104731136.000000
281474976710655.000000	7.002012	27557	427105746944.000000
281474976710655.000000	6.935201	27558	427106795520.000000
281474976710655.000000	6.999018	27559	427107844096.000000
281474976710655.000000	7.051713	27560	427108892672.000000
281474976710655.000000	7.118511	27561	427109908480.000000
281474976710655.000000	7.053830	27562	427110957056.000000
281474976710655.000000	7.012235	27563	427112005632.000000
281474976710655.000000	7.124008	27564	427113054208.000000
281474976710655.000000	6.966468	27565	427114070016.000000
281474976710655.000000	7.069650	27566	427115118592.000000
281474976710655.000000	7.181151	27567	427116167168.000000
281474976710655.000000	7.192753	27568	427117215744.000000
281474976710655.000000	7.049073	27569	427118264320.000000
281474976710655.000000	6.994282	27570	427119280128.000000
281474976710655.000000	6.979590	27571	427120328704.000000
281474976710655.000000	7.207951	27572	427121377280.000000
281474976710655.000000	7.108901	27573	427122425856.000000
281474976710655.000000	7.114410	27574	427123441664.000000
281474976710655.000000	7.093314	27575	427124490240.000000
281474976710655.000000	7.199745	27576	427125538816.000000
281474976710655.000000	6.982419	27577	427126587392.000000
281474976710655.000000	7.018598	27578	427127603200.000000
281474976710655.000000	7.072431	27579	427128651776.000000
281474976710655.000000	7.229075	27580	427129700352.000000
281474976710655.000000	7.159193	27581	427130748928.000000
281474976710655.000000	7.101325	27582	427131764736.000000
281474976710655.000000	7.022103	27583	427132813312.000000
281474976710655.000000	7.107524	27584	427133861888.000000
281474976710655.000000	7.070718	27585	427134910464.000000
281474976710655.000000	7.153586	27586	427135959040.000000
281474976710655.000000	7.061234	27587	427136974848.000000
281474976710655.000000	7.043144	27588	427138023424.000000
281474976710655.000000	7.003734	27589	427139072000.000000
