time (s)	coil I (A)	last det (V)	int current (uC)
430334.971385	0.427341	119.824219	-138.867187
430334.973387	0.760841	119.824219	-138.867187
430334.975387	0.886875	119.824219	-138.867187
430334.977387	0.883979	9.723774	0.279390
430336.021419	0.671377	449.121094	40.039062
430336.023418	0.881928	449.121094	40.039062
430336.025419	0.884173	449.121094	40.039062
430336.027419	0.881794	9.699731	0.346481
430337.039409	0.883420	126.171875	-72.265625
430337.041412	0.882135	126.171875	-72.265625
430337.043413	0.879890	9.678789	0.285076
430338.087463	0.868205	458.496094	39.062500
430338.089466	0.882864	458.496094	39.062500
430338.091465	0.880319	9.683504	0.432575
430339.099502	0.314073	130.664062	-39.648437
430339.101506	0.656507	130.664062	-39.648437
430339.103504	0.878432	130.664062	-39.648437
430339.105504	0.883104	130.664062	-39.648437
430339.107504	0.880668	9.687349	0.364230
430340.181525	0.432239	451.367187	38.476562
430340.183526	0.764702	451.367187	38.476562
430340.185528	0.886046	451.367187	38.476562
430340.187527	0.883001	9.713006	0.315340
430341.197555	0.470000	119.921875	-109.863281
430341.199557	0.793501	119.921875	-109.863281
430341.201556	0.884819	119.921875	-109.863281
430341.203557	0.881600	9.697603	0.296142
430342.280094	0.670424	442.675781	38.183594
430342.282095	0.677657	442.675781	38.183594
430342.284096	0.882839	442.675781	38.183594
430342.286095	0.880420	9.684620	0.317805
430343.294158	0.376266	112.597656	-174.316406
430343.296160	0.715326	112.597656	-174.316406
430343.298160	0.884204	112.597656	-174.316406
430343.300159	0.882384	9.706226	0.285422
430344.344207	0.625775	464.843750	34.863281
430344.346206	0.871069	464.843750	34.863281
430344.348209	0.882821	464.843750	34.863281
430344.350210	0.880300	9.683300	0.481047
430345.359155	0.479791	122.753906	-116.210937
430345.361156	0.800450	122.753906	-116.210937
430345.363155	0.884464	122.753906	-116.210937
430345.365157	0.881243	9.693668	0.353571
430346.443215	0.864040	447.363281	35.546875
430346.445216	0.883614	447.363281	35.546875
430346.447217	0.880956	9.690514	0.307707
430347.457778	0.729004	115.234375	-170.410156
430347.459781	0.884667	115.234375	-170.410156
430347.461782	0.882280	9.705083	0.267288
430348.537854	0.516510	424.316406	37.304687
430348.539857	0.824333	424.316406	37.304687
430348.541856	0.884428	424.316406	37.304687
430348.543858	0.881344	9.694785	0.283211
430349.519869	0.339350	118.261719	-160.449219
430349.523876	0.881828	118.261719	-160.449219
430349.525879	0.882677	118.261719	-160.449219
430349.527879	0.880279	9.683069	0.348228
430350.601892	0.457732	439.160156	34.277344
430350.603895	0.784434	439.160156	34.277344
430350.605894	0.884685	439.160156	34.277344
430350.607894	0.881460	9.696061	0.316396
430351.617971	0.503670	117.675781	-174.902344
430351.619974	0.816437	117.675781	-174.902344
430351.621971	0.884649	117.675781	-174.902344
430351.623971	0.881488	9.696371	0.321145
430352.700914	0.766305	428.125000	35.937500
430352.702917	0.885630	428.125000	35.937500
430352.704917	0.882651	9.709160	0.263738
430353.717459	0.846720	104.687500	-262.890625
430353.719461	0.883388	104.687500	-262.890625
430353.721460	0.880608	9.686685	0.257704
430354.795500	0.335670	404.003906	38.476562
430354.797525	0.677003	404.003906	38.476562
430354.799527	0.881823	404.003906	38.476562
430354.801528	0.882733	404.003906	38.476562
430354.803525	0.880386	9.684248	0.260651
430355.781580	0.822603	110.839844	-216.894531
430355.783581	0.883431	110.839844	-216.894531
430355.785583	0.880423	9.684656	0.314014
430356.859615	0.288847	416.601562	37.597656
430356.861620	0.632436	416.601562	37.597656
430356.863621	0.872847	416.601562	37.597656
430356.865625	0.882682	416.601562	37.597656
430356.867628	0.880218	9.682396	0.294480
430357.877668	0.673133	104.589844	-259.472656
430357.879664	0.881727	104.589844	-259.472656
430357.881669	0.883885	104.589844	-259.472656
430357.883671	0.881564	9.697205	0.280698
430358.925692	0.580346	442.675781	37.207031
430358.927694	0.855917	442.675781	37.207031
430358.929694	0.859105	442.675781	37.207031
430358.931694	0.880367	9.684035	0.347586
430359.940245	0.365263	113.964844	-199.511719
430359.942248	0.704890	113.964844	-199.511719
430359.944246	0.883125	113.964844	-199.511719
430359.946246	0.881706	9.698765	0.329751
430361.022280	0.484992	415.332031	40.625000
430361.024281	0.803845	415.332031	40.625000
430361.026282	0.808967	415.332031	40.625000
430361.028282	0.880754	9.688290	0.293307
430362.038313	0.523348	112.792969	-206.933594
430362.040315	0.827962	112.792969	-206.933594
430362.042314	0.883730	112.792969	-206.933594
430362.044315	0.880739	9.688129	0.281931
430363.086853	0.517384	434.375000	40.039062
430363.088857	0.824550	434.375000	40.039062
430363.090855	0.884024	434.375000	40.039062
430363.092856	0.881028	9.691311	0.382098
430364.103366	0.634985	119.628906	-174.609375
430364.105369	0.873075	119.628906	-174.609375
430364.107368	0.882349	119.628906	-174.609375
430364.109369	0.879907	9.678975	0.500035
430365.187405	0.885085	405.371094	43.750000
430365.189409	0.882089	405.371094	43.750000
430365.191406	0.880030	9.680331	0.296792
430366.201413	0.777528	111.718750	-226.855469
430366.203416	0.885045	111.718750	-226.855469
430366.205414	0.881882	9.700706	0.279820
430367.279932	0.303436	382.324219	46.386719
430367.281935	0.646135	382.324219	46.386719
430367.283935	0.875952	382.324219	46.386719
430367.285935	0.882752	382.324219	46.386719
430367.287935	0.880337	9.683707	0.258051
430368.298002	0.688827	110.253906	-260.644531
430368.300002	0.881836	110.253906	-260.644531
430368.302003	0.881720	9.698924	0.265409
430369.346090	0.607139	404.199219	45.410156
430369.350092	0.882574	404.199219	45.410156
430369.352093	0.880070	404.199219	45.410156
430369.354094	0.878606	9.664671	0.357447
430370.362193	0.657991	127.734375	-169.238281
430370.364195	0.877777	127.734375	-169.238281
430370.366201	0.881901	127.734375	-169.238281
430370.368204	0.879603	9.675634	0.331551
430371.410769	0.657435	411.035156	44.140625
430371.412773	0.877793	411.035156	44.140625
430371.414771	0.882099	411.035156	44.140625
430371.418770	0.878397	9.662367	0.586177
430372.460848	0.852399	125.390625	-208.105469
430372.462850	0.883167	125.390625	-208.105469
430372.464849	0.880480	9.685276	0.303257
430373.508861	0.799265	392.480469	43.750000
430373.510861	0.884316	392.480469	43.750000
430373.512864	0.881184	9.693022	0.297192
430374.555383	0.470418	115.429687	-291.894531
430374.557386	0.484369	115.429687	-291.894531
430374.559385	0.884014	115.429687	-291.894531
430374.561386	0.883888	9.722773	0.244078
430375.573457	0.822932	426.074219	39.843750
430375.575458	0.883394	426.074219	39.843750
430375.577456	0.880356	9.683911	0.343586
430376.619978	0.506140	120.507812	-276.074219
430376.621981	0.817588	120.507812	-276.074219
430376.623982	0.883656	120.507812	-276.074219
430376.625982	0.880673	9.687403	0.303014
430377.667998	0.411335	410.644531	39.160156
430377.669999	0.746979	410.644531	39.160156
430377.672001	0.887584	410.644531	39.160156
430377.674001	0.884885	9.733735	0.304613
430378.716031	0.316199	112.207031	-331.347656
430378.718033	0.658298	112.207031	-331.347656
430378.720033	0.878018	112.207031	-331.347656
430378.722034	0.882109	112.207031	-331.347656
430378.724034	0.879767	9.677433	0.272413
430379.768084	0.850887	404.199219	37.304687
430379.770086	0.883207	404.199219	37.304687
430379.772087	0.880472	9.685196	0.252845
430380.780582	0.345389	118.457031	-291.894531
430380.782587	0.686113	118.457031	-291.894531
430380.784584	0.692659	118.457031	-291.894531
430380.786584	0.882379	9.706174	0.327580
430381.862581	0.459572	386.914062	37.011719
430381.864583	0.785788	386.914062	37.011719
430381.866583	0.884719	386.914062	37.011719
430381.868583	0.881522	9.696744	0.224260
430382.878604	0.495831	109.375000	-328.515625
430382.880604	0.811037	109.375000	-328.515625
430382.882603	0.883910	109.375000	-328.515625
430382.886602	0.879068	9.669749	0.261625
430383.927509	0.550283	411.035156	35.937500
430383.929510	0.842157	411.035156	35.937500
430383.931510	0.882964	411.035156	35.937500
430383.933510	0.880179	9.681971	0.294613
430384.942429	0.400468	106.738281	-330.468750
430384.944431	0.737208	106.738281	-330.468750
430384.946432	0.885285	106.738281	-330.468750
430384.948434	0.882720	9.709922	0.294670
430386.024436	0.512800	381.152344	39.257812
430386.026438	0.821576	381.152344	39.257812
430386.028437	0.883287	381.152344	39.257812
430386.030438	0.880302	9.683317	0.246404
430387.040490	0.555697	104.882812	-331.542969
430387.042492	0.844885	104.882812	-331.542969
430387.044493	0.883015	104.882812	-331.542969
430387.046491	0.880224	9.682467	0.239671
430388.088481	0.456842	411.035156	38.476562
430388.090483	0.783734	411.035156	38.476562
430388.094481	0.881642	411.035156	38.476562
430388.096482	0.879698	9.676680	0.316285
430389.103383	0.299091	108.593750	-306.542969
430389.107382	0.875101	108.593750	-306.542969
430389.109384	0.882769	108.593750	-306.542969
430389.111383	0.880300	9.683300	0.315910
430390.185460	0.426979	379.589844	41.601562
430390.187462	0.760126	379.589844	41.601562
430390.189461	0.885487	379.589844	41.601562
430390.191461	0.882483	9.707308	0.261191
430391.203466	0.787171	102.539062	-339.453125
430391.205470	0.884234	102.539062	-339.453125
430391.207470	0.880993	9.690921	0.243438
430392.282031	0.323535	363.378906	42.968750
430392.284032	0.665172	363.378906	42.968750
430392.286031	0.879398	363.378906	42.968750
430392.288031	0.882340	363.378906	42.968750
430392.290032	0.880004	9.680047	0.235529
430393.266023	0.488216	106.542969	-317.773437
430393.268025	0.805928	106.542969	-317.773437
430393.270024	0.883995	106.542969	-317.773437
430393.272023	0.880828	9.689114	0.305818
430394.348006	0.596834	380.273437	41.796875
430394.350008	0.862035	380.273437	41.796875
430394.352011	0.882884	380.273437	41.796875
430394.354009	0.880247	9.682715	0.285168
430395.366029	1.148437	96.972656	-377.539062
430395.368029	0.882196	96.972656	-377.539062
430395.370030	0.879740	9.677140	0.416401
430396.448038	0.884143	377.539062	41.894531
430396.450039	0.881273	9.694005	0.217592
430397.428080	0.575615	110.351562	-308.984375
430397.430082	0.853635	110.351562	-308.984375
430397.432080	0.882722	110.351562	-308.984375
430397.434083	0.880036	9.680392	0.321715
430398.510112	0.691351	376.269531	41.210937
430398.512115	0.882080	376.269531	41.210937
430398.516113	0.879568	9.675243	0.276557
430399.526116	0.724331	105.664062	-348.535156
430399.528118	0.883885	105.664062	-348.535156
430399.530118	0.881498	9.696478	0.270997
430400.608696	0.861683	370.703125	40.527344
430400.610700	0.883078	370.703125	40.527344
430400.612700	0.880445	9.684895	0.226337
430401.623218	0.716056	94.433594	-419.433594
430401.627218	0.881956	94.433594	-419.433594
430401.629218	0.879842	9.678266	0.724038
430402.671219	0.617001	379.199219	39.160156
430402.673221	0.868362	379.199219	39.160156
430402.675219	0.882475	379.199219	39.160156
430402.679219	0.878465	9.663111	0.355567
430403.687207	0.649270	106.542969	-373.632812
430403.689210	0.876150	106.542969	-373.632812
430403.691209	0.881968	106.542969	-373.632812
430403.693208	0.879647	9.676112	0.506833
430404.769244	0.762052	357.519531	40.332031
430404.773246	0.881201	357.519531	40.332031
430404.775248	0.879356	9.672913	0.223429
430405.783326	0.475550	104.003906	-398.730469
430405.785330	0.797161	104.003906	-398.730469
430405.787330	0.883972	104.003906	-398.730469
430405.789332	0.880802	9.688821	0.262559
430406.833372	0.723867	376.660156	40.527344
430406.835374	0.884028	376.660156	40.527344
430406.837373	0.881633	9.697967	0.256597
430407.881393	0.631784	106.542969	-395.019531
430407.883395	0.871886	106.542969	-395.019531
430407.885395	0.881732	106.542969	-395.019531
430407.887396	0.879362	9.672984	0.222199
430408.929963	0.628920	357.031250	43.750000
430408.931964	0.871646	357.031250	43.750000
430408.935963	0.879862	357.031250	43.750000
430408.937964	0.878480	9.663280	0.344300
430409.944507	0.416024	118.652344	-336.718750
430409.946508	0.750664	118.652344	-336.718750
430409.948509	0.885140	118.652344	-336.718750
430409.952507	0.880185	9.682033	0.295923
430410.995497	0.804547	355.468750	46.093750
430410.997499	0.884112	355.468750	46.093750
430410.999498	0.880949	9.690434	0.266791
430412.041589	0.404715	107.421875	-386.035156
430412.043591	0.740964	107.421875	-386.035156
430412.045591	0.887047	107.421875	-386.035156
430412.047592	0.884504	9.729543	0.224717
430413.089613	0.307498	341.503906	48.339844
430413.091618	0.649918	341.503906	48.339844
430413.093619	0.876457	341.503906	48.339844
430413.095622	0.882400	341.503906	48.339844
430413.097627	0.879973	9.679702	0.208792
430414.107663	0.691295	118.945312	-316.308594
430414.109665	0.882296	118.945312	-316.308594
430414.113664	0.879717	9.676884	0.275658
430415.154662	0.424673	362.500000	49.414062
430415.156665	0.758040	362.500000	49.414062
430415.158664	0.763755	362.500000	49.414062
430415.160665	0.882246	9.704711	0.278114
430416.202725	0.335085	108.300781	-363.085937
430416.204738	0.676075	108.300781	-363.085937
430416.206742	0.880358	108.300781	-363.085937
430416.208743	0.881373	108.300781	-363.085937
430416.210741	0.879149	9.670645	0.229873
430417.253335	0.680973	349.316406	51.562500
430417.255336	0.881334	349.316406	51.562500
430417.257336	0.882084	9.702929	0.228802
430418.269886	0.793038	109.667969	-349.511719
430418.271890	0.884071	109.667969	-349.511719
430418.273890	0.880816	9.688980	0.264199
430419.319917	0.882998	361.328125	51.855469
430419.321918	0.880968	9.690646	0.294611
430420.366489	0.714854	103.417969	-376.855469
430420.368493	0.884427	103.417969	-376.855469
430420.370491	0.882598	9.708575	0.214802
430421.415028	0.706741	338.964844	52.832031
430421.417028	0.883359	338.964844	52.832031
430421.419028	0.881879	9.700670	0.694863
430422.431019	0.736959	111.035156	-334.472656
430422.433021	0.884140	111.035156	-334.472656
430422.435025	0.881401	9.695415	0.259382
430423.513923	0.878982	336.425781	53.222656
430423.515923	0.881850	336.425781	53.222656
430423.517924	0.879509	9.674597	0.220056
430424.526439	0.445365	93.847656	-423.242187
430424.528441	0.774983	93.847656	-423.242187
430424.530442	0.885783	93.847656	-423.242187
430424.532441	0.885728	9.743005	0.212514
430425.576474	0.692266	350.000000	53.320312
430425.578477	0.882412	350.000000	53.320312
430425.580476	0.882000	9.701999	0.652657
430426.591025	0.481765	102.539062	-377.246094
430426.593028	0.801509	102.539062	-377.246094
430426.595033	0.883751	102.539062	-377.246094
430426.597039	0.880630	9.686934	0.273143
430427.673088	0.602827	327.246094	53.125000
430427.675090	0.863976	327.246094	53.125000
430427.677089	0.882795	327.246094	53.125000
430427.679089	0.880223	9.682458	0.244385
430428.689111	0.637715	97.460937	-403.222656
430428.691114	0.873461	97.460937	-403.222656
430428.693114	0.881877	97.460937	-403.222656
430428.695113	0.879472	9.674189	0.382491
430429.737635	0.630342	355.468750	52.734375
430429.739636	0.871715	355.468750	52.734375
430429.741638	0.873142	355.468750	52.734375
430429.743636	0.879510	9.674606	0.414945
430430.754577	0.802680	99.804687	-393.945312
430430.756579	0.883817	99.804687	-393.945312
430430.758579	0.880680	9.687483	0.266062
430431.834635	0.602289	333.105469	53.515625
430431.836636	0.863707	333.105469	53.515625
430431.838637	0.882594	333.105469	53.515625
430431.840637	0.879970	9.679675	0.244035
430432.850632	0.634721	98.242187	-402.929687
430432.852636	0.872675	98.242187	-402.929687
430432.854633	0.881848	98.242187	-402.929687
430432.856633	0.879418	9.673595	0.220508
430433.899186	0.628513	352.148437	53.515625
430433.901186	0.871391	352.148437	53.515625
430433.903192	0.882153	352.148437	53.515625
430433.905192	0.879690	9.676591	0.415427
430434.913719	0.415014	104.785156	-374.707031
430434.915720	0.749648	104.785156	-374.707031
430434.917721	0.884340	104.785156	-374.707031
430434.919718	0.881376	9.695140	0.293699
430435.995809	0.540452	322.460937	53.710937
430435.997809	0.837190	322.460937	53.710937
430435.999811	0.883297	322.460937	53.710937
430436.001810	0.880436	9.684797	0.229539
430437.017866	0.880060	101.562500	-391.406250
430437.019867	0.878535	9.663882	0.227304
430438.060424	0.578609	335.351562	53.906250
430438.062427	0.854938	335.351562	53.906250
430438.064427	0.882850	335.351562	53.906250
430438.066425	0.880262	9.682883	0.282192
430439.108459	0.488508	91.503906	-445.996094
430439.110461	0.806049	91.503906	-445.996094
430439.112461	0.883718	91.503906	-445.996094
430439.114463	0.880596	9.686561	0.193722
430440.156512	0.399709	326.562500	54.589844
430440.158512	0.736432	326.562500	54.589844
430440.160513	0.885125	326.562500	54.589844
430440.162511	0.882578	9.708363	0.223438
430441.174509	0.765191	104.199219	-386.914062
430441.176511	0.884645	104.199219	-386.914062
430441.178512	0.881411	9.695520	0.241495
430442.223102	0.767205	349.414062	54.492187
430442.225106	0.885219	349.414062	54.492187
430442.227105	0.882134	9.703470	0.280229
430443.270083	0.505176	100.390625	-411.914062
430443.272085	0.816814	100.390625	-411.914062
430443.274083	0.883585	100.390625	-411.914062
430443.276084	0.880538	9.685914	0.202693
430444.321070	0.852988	332.031250	55.175781
430444.323073	0.882387	332.031250	55.175781
430444.325072	0.879701	9.676706	0.223232
430445.335093	0.610119	106.640625	-392.187500
430445.337095	0.866095	106.640625	-392.187500
430445.339096	0.882373	106.640625	-392.187500
430445.341096	0.879842	9.678266	0.315836
430446.383102	0.516069	338.476562	54.687500
430446.385104	0.823337	338.476562	54.687500
430446.387104	0.882981	338.476562	54.687500
430446.389103	0.879974	9.679719	0.265249
430447.431119	0.421036	102.441406	-418.359375
430447.433122	0.438691	102.441406	-418.359375
430447.435123	0.884873	102.441406	-418.359375
430447.437121	0.884834	9.733176	0.219347
430448.479156	0.324078	321.484375	53.613281
430448.481156	0.665641	321.484375	53.613281
430448.485154	0.881566	321.484375	53.613281
430448.487157	0.879332	321.484375	53.613281
430448.489157	0.877948	9.657431	0.219612
430449.529172	0.571955	95.898437	-457.714844
430449.531174	0.851949	95.898437	-457.714844
430449.533175	0.882369	95.898437	-457.714844
430449.535175	0.879759	9.677353	0.182580
430450.545201	0.609466	327.246094	53.222656
430450.547202	0.865726	327.246094	53.222656
430450.549203	0.881989	327.246094	53.222656
430450.553202	0.878084	9.658919	0.309711
430451.595231	0.824202	108.886719	-408.789062
430451.597233	0.883374	108.886719	-408.789062
430451.599234	0.880422	9.684638	0.232638
430452.643788	0.822160	313.378906	51.367187
430452.645790	0.883177	313.378906	51.367187
430452.647790	0.880159	9.681748	0.202765
430453.691835	0.758715	101.757812	-446.582031
430453.693837	0.883705	101.757812	-446.582031
430453.695838	0.880602	9.686624	0.190567
430454.706419	0.555291	337.011719	49.609375
430454.708419	0.844458	337.011719	49.609375
430454.710420	0.882595	337.011719	49.609375
430454.712420	0.879874	9.678612	0.265074
430455.754450	2.448059	107.812500	-425.878906
430455.756450	0.788565	107.812500	-425.878906
430455.758450	0.884914	107.812500	-425.878906
430455.760454	0.881734	9.699075	0.248782
430456.803025	0.462952	329.199219	47.949219
430456.805027	0.787921	329.199219	47.949219
430456.809025	0.880589	329.199219	47.949219
430456.811029	0.878834	9.667171	0.209023
430457.851120	0.380464	91.796875	-488.183594
430457.853121	0.718818	91.796875	-488.183594
430457.857122	0.882093	91.796875	-488.183594
430457.859122	0.879900	9.678904	0.191006
430458.901157	0.626696	314.550781	46.582031
430458.903159	0.636425	314.550781	46.582031
430458.905158	0.882186	314.550781	46.582031
430458.909158	0.878283	9.661109	0.298861
430459.917210	0.668925	103.027344	-442.089844
430459.919209	0.879929	103.027344	-442.089844
430459.921211	0.882355	103.027344	-442.089844
430459.923211	0.880029	9.680322	0.522790
430460.966168	0.732040	340.234375	45.898437
430460.968168	0.883966	340.234375	45.898437
430460.970168	0.881409	9.695503	0.232330
430462.012754	0.397164	89.550781	-488.671875
430462.014757	0.734041	89.550781	-488.671875
430462.016759	0.883647	89.550781	-488.671875
430462.018757	0.880884	9.689725	0.185069
430463.061265	0.385865	330.957031	46.289062
430463.063266	0.723793	330.957031	46.289062
430463.065267	0.884407	330.957031	46.289062
430463.067267	0.882191	9.704100	0.199055
430464.078234	0.582340	97.167969	-453.710937
430464.080235	0.856109	97.167969	-453.710937
430464.082236	0.882193	97.167969	-453.710937
430464.084235	0.879565	9.675217	0.217419
430465.128268	0.808518	348.339844	46.484375
430465.130271	0.883229	348.339844	46.484375
430465.132271	0.880089	9.680978	0.258499
430466.142298	0.529369	94.921875	-457.226562
430466.144300	0.831014	94.921875	-457.226562
430466.146300	0.882821	94.921875	-457.226562
430466.148300	0.879958	9.679533	0.286296
430467.222340	0.302814	320.117187	47.851562
430467.224340	0.645399	320.117187	47.851562
430467.226340	0.875232	320.117187	47.851562
430467.228342	0.882008	320.117187	47.851562
430467.230341	0.879584	9.675421	0.212249
430468.240359	0.679788	84.765625	-494.824219
430468.244353	0.881036	84.765625	-494.824219
430468.246355	0.878983	9.668810	0.215443
430469.288356	0.583578	342.968750	48.144531
430469.290358	0.856709	342.968750	48.144531
430469.292358	0.882263	342.968750	48.144531
430469.294358	0.879642	9.676060	0.271384
430470.302888	0.367829	98.437500	-439.355469
430470.304894	0.707036	98.437500	-439.355469
430470.306894	0.883795	98.437500	-439.355469
430470.308893	0.882336	9.705695	0.279764
430471.384938	0.489715	323.730469	49.316406
430471.386940	0.806744	323.730469	49.316406
430471.388939	0.883389	323.730469	49.316406
430471.390939	0.880201	9.682209	0.216302
430472.402975	1.518277	83.300781	-500.878906
430472.404976	0.882734	83.300781	-500.878906
430472.406976	0.879825	9.678071	0.217096
430473.481446	0.379570	306.738281	49.609375
430473.483451	0.397551	306.738281	49.609375
430473.485455	0.884282	306.738281	49.609375
430473.487454	0.882239	9.704632	0.175757
430474.497468	0.416751	76.757812	-526.562500
430474.499470	0.751298	76.757812	-526.562500
430474.501469	0.885259	76.757812	-526.562500
430474.503471	0.882265	9.704915	0.181559
430475.545928	0.396855	331.152344	49.511719
430475.547927	0.733742	331.152344	49.511719
430475.549929	0.884547	331.152344	49.511719
430475.551930	0.881984	9.701822	0.233626
430476.562877	0.590214	89.550781	-483.300781
430476.564879	0.859136	89.550781	-483.300781
430476.566879	0.882010	89.550781	-483.300781
430476.568880	0.879466	9.674128	0.230811
430477.642890	0.363748	307.226562	49.609375
430477.644893	0.703346	307.226562	49.609375
430477.646893	0.882697	307.226562	49.609375
430477.648893	0.881336	9.694696	0.171361
430478.658910	0.399232	77.832031	-528.027344
430478.660912	0.735872	77.832031	-528.027344
430478.662913	0.884953	77.832031	-528.027344
430478.664912	0.882367	9.706040	0.174656
430479.706926	0.302187	321.191406	48.925781
430479.708927	0.644688	321.191406	48.925781
430479.710927	0.875816	321.191406	48.925781
430479.712927	0.883046	321.191406	48.925781
430479.714927	0.880567	9.686234	0.224025
430480.724957	0.682032	90.722656	-485.253906
430480.726959	0.880454	90.722656	-485.253906
430480.728957	0.880821	9.689034	0.246065
430481.807004	0.789324	306.738281	47.949219
430481.809005	0.884082	306.738281	47.949219
430481.811006	0.880762	9.688386	0.166268
430482.823038	0.813793	92.285156	-485.937500
430482.825038	0.883302	92.285156	-485.937500
430482.827040	0.880139	9.681527	0.188890
430483.869583	0.495483	312.890625	48.144531
430483.871582	0.810559	312.890625	48.144531
430483.873585	0.883336	312.890625	48.144531
430483.875585	0.880276	9.683034	0.217358
430484.885605	0.531050	97.363281	-473.828125
430484.887608	0.831778	97.363281	-473.828125
430484.889607	0.882553	97.363281	-473.828125
430484.891607	0.879714	9.676857	0.272301
430485.933645	0.440789	332.617187	48.925781
430485.935647	0.770993	332.617187	48.925781
430485.937647	0.884554	332.617187	48.925781
430485.939647	0.881346	9.694803	0.273678
430486.985666	0.881157	99.707031	-470.117187
430486.987668	0.881419	99.707031	-470.117187
430486.989669	0.879231	9.671539	0.584950
430488.030626	0.411644	319.238281	50.585937
430488.032625	0.746812	319.238281	50.585937
430488.034625	0.885253	319.238281	50.585937
430488.036625	0.882410	9.706510	0.206339
430489.079600	0.480409	84.765625	-523.046875
430489.081603	0.800473	84.765625	-523.046875
430489.083603	0.883864	84.765625	-523.046875
430489.085603	0.880605	9.686659	0.176874
430490.096053	0.588316	329.101562	52.832031
430490.098056	0.858422	329.101562	52.832031
430490.100056	0.882256	329.101562	52.832031
430490.102055	0.879673	9.676405	0.261548
430491.146993	0.875540	95.800781	-486.816406
430491.148994	0.881537	95.800781	-486.816406
430491.150994	0.879236	9.671593	0.450247
430492.193064	0.564107	302.343750	53.613281
430492.195064	0.581836	302.343750	53.613281
430492.197070	0.882562	302.343750	53.613281
430492.199071	0.879808	9.677885	0.197843
430493.241117	0.477354	92.089844	-497.363281
430493.243119	0.798237	92.089844	-497.363281
430493.245121	0.883403	92.089844	-497.363281
430493.247119	0.880193	9.682121	0.173804
430494.257154	0.515105	312.011719	55.566406
430494.259154	0.822716	312.011719	55.566406
430494.261155	0.882981	312.011719	55.566406
430494.263153	0.879983	9.679808	0.256314
430495.305174	0.421940	106.542969	-441.992187
430495.307177	0.755556	106.542969	-441.992187
430495.309175	0.884928	106.542969	-441.992187
430495.311177	0.881803	9.699828	0.227174
430496.356163	0.808495	309.765625	57.226562
430496.358164	0.884472	309.765625	57.226562
430496.360164	0.881303	9.694333	0.205263
430497.404152	0.729353	87.695312	-508.886719
430497.406154	0.883552	87.695312	-508.886719
430497.408155	0.880985	9.690832	0.182877
430498.452662	0.718331	291.015625	57.421875
430498.454663	0.883172	291.015625	57.421875
430498.456663	0.880997	9.690966	0.689084
430499.467602	0.572327	99.609375	-461.621094
430499.469602	0.852163	99.609375	-461.621094
430499.471604	0.882632	99.609375	-461.621094
430499.473603	0.879945	9.679400	0.220780
430500.515612	0.477465	298.339844	58.593750
430500.517615	0.798288	298.339844	58.593750
430500.519614	0.883456	298.339844	58.593750
430500.521614	0.880310	9.683406	0.213746
430501.563649	0.385617	91.992187	-489.843750
430501.565651	0.723600	91.992187	-489.843750
430501.567650	0.884831	91.992187	-489.843750
430501.569650	0.882586	9.708442	0.175499
430502.613705	1.630158	290.722656	58.984375
430502.615708	0.873300	290.722656	58.984375
430502.617710	0.882035	290.722656	58.984375
430502.619709	0.879608	9.675687	0.350592
430503.628651	0.490271	98.730469	-462.011719
430503.632649	0.883325	98.730469	-462.011719
430503.634651	0.880128	98.730469	-462.011719
430503.636652	0.878465	9.663120	0.228841
430504.676694	0.399243	299.121094	59.960937
430504.678694	0.735808	299.121094	59.960937
430504.680697	0.884633	299.121094	59.960937
430504.682695	0.882076	9.702832	0.236363
430505.726765	0.653106	93.066406	-483.105469
430505.728766	0.877435	93.066406	-483.105469
430505.730764	0.882762	93.066406	-483.105469
430505.732765	0.880345	9.683796	0.177175
430506.775309	0.648422	292.675781	60.058594
430506.779307	0.882026	292.675781	60.058594
430506.781316	0.879627	292.675781	60.058594
430506.783321	0.878235	9.660585	0.178978
430507.790228	0.497778	95.800781	-473.535156
430507.794228	0.883351	95.800781	-473.535156
430507.796230	0.880302	95.800781	-473.535156
430507.798230	0.878610	9.664716	0.221371
430508.838273	0.408176	298.632812	60.546875
430508.840275	0.743592	298.632812	60.546875
430508.842275	0.883523	298.632812	60.546875
430508.844277	0.880538	9.685923	0.235982
430509.888251	0.645834	94.042969	-481.054687
430509.890255	0.875036	94.042969	-481.054687
430509.892254	0.881414	94.042969	-481.054687
430509.894255	0.879112	9.670237	0.183425
430510.934764	0.290721	278.710937	60.351562
430510.936765	0.633785	278.710937	60.351562
430510.938766	0.872462	278.710937	60.351562
430510.940766	0.881843	278.710937	60.351562
430510.942766	0.879442	9.673862	0.192724
430511.952843	0.677140	104.687500	-441.992187
430511.954846	0.685275	104.687500	-441.992187
430511.960844	0.877726	104.687500	-441.992187
430511.962846	0.876599	9.642587	0.229276
430513.001435	0.674326	301.855469	61.230469
430513.003439	0.880752	301.855469	61.230469
430513.005439	0.881715	301.855469	61.230469
430513.007439	0.879508	9.674588	0.551396
430514.049994	0.675414	92.968750	-487.597656
430514.051996	0.881334	92.968750	-487.597656
430514.053996	0.882410	92.968750	-487.597656
430514.055996	0.880074	9.680810	0.183965
430515.100530	0.880599	290.917969	60.351562
430515.102531	0.882889	290.917969	60.351562
430515.104530	0.880559	9.686145	0.184162
430516.112580	0.372611	100.585937	-464.257812
430516.114582	0.711489	100.585937	-464.257812
430516.116582	0.884070	100.585937	-464.257812
430516.118582	0.882428	9.706705	0.249203
430517.162648	0.626332	306.542969	60.546875
430517.164650	0.870469	306.542969	60.546875
430517.168647	0.879341	306.542969	60.546875
430517.170651	0.877906	9.656961	0.244150
430518.212647	0.830515	99.414062	-470.410156
430518.216647	0.879939	99.414062	-470.410156
430518.218649	0.878324	9.661560	0.195336
430519.258619	0.426332	289.648437	59.570312
430519.260621	0.759156	289.648437	59.570312
430519.262623	0.884771	289.648437	59.570312
430519.266619	0.879689	9.676582	0.179534
430520.307554	0.486598	87.011719	-514.648437
430520.309557	0.804570	87.011719	-514.648437
430520.311556	0.883309	87.011719	-514.648437
430520.313556	0.880152	9.681669	0.155289
430521.323595	0.526389	292.089844	58.886719
430521.325596	0.829153	292.089844	58.886719
430521.327596	0.882767	292.089844	58.886719
430521.329597	0.879865	9.678514	0.240180
430522.373622	0.764708	98.242187	-480.566406
430522.375624	0.884294	98.242187	-480.566406
430522.377623	0.881084	9.691923	0.210233
430523.422170	0.760851	277.148437	57.128906
430523.424173	0.766728	277.148437	57.128906
430523.426172	0.881382	9.695202	0.179993
430524.470187	0.671553	91.796875	-503.417969
430524.472184	0.881274	91.796875	-503.417969
430524.474185	0.883588	91.796875	-503.417969
430524.476187	0.881141	9.692552	0.487270
430525.484215	0.368886	293.066406	57.128906
430525.486215	0.707935	293.066406	57.128906
430525.488216	0.883850	293.066406	57.128906
430525.490215	0.882484	9.707326	0.236024
430526.534259	0.620050	98.828125	-482.617187
430526.536259	0.868630	98.828125	-482.617187
430526.538258	0.881641	98.828125	-482.617187
430526.540260	0.879235	9.671584	0.216607
430527.582844	0.621390	280.957031	54.882812
430527.584844	0.868988	280.957031	54.882812
430527.586844	0.881684	280.957031	54.882812
430527.588843	0.879256	9.671814	0.184891
430528.632853	0.829264	89.355469	-512.011719
430528.634855	0.883095	89.355469	-512.011719
430528.636857	0.880116	9.681279	0.159881
430529.645753	0.371313	307.519531	54.687500
430529.647755	0.710224	307.519531	54.687500
430529.649756	0.884131	307.519531	54.687500
430529.651756	0.882541	9.707954	0.247608
430530.695767	0.615512	98.339844	-485.253906
430530.699768	0.882026	98.339844	-485.253906
430530.701769	0.879595	98.339844	-485.253906
430530.703769	0.878176	9.659939	0.290333
430531.743799	0.523726	301.464844	53.027344
430531.745802	0.534212	301.464844	53.027344
430531.747802	0.882810	301.464844	53.027344
430531.749803	0.879932	9.679250	0.185546
430532.791777	0.422356	86.425781	-517.382812
430532.793781	0.755884	86.425781	-517.382812
430532.795786	0.885117	86.425781	-517.382812
430532.797786	0.882056	9.702620	0.159610
430533.841892	0.674566	276.171875	51.464844
430533.843896	0.880852	276.171875	51.464844
430533.845897	0.881822	276.171875	51.464844
430533.847896	0.879614	9.675758	0.156593
430534.855866	0.370310	82.519531	-523.925781
430534.857868	0.709245	82.519531	-523.925781
430534.859868	0.882852	82.519531	-523.925781
430534.861866	0.881214	9.693350	0.209029
430535.905935	0.623379	307.031250	52.246094
430535.907935	0.869863	307.031250	52.246094
430535.909937	0.881935	307.031250	52.246094
430535.911938	0.879506	9.674570	0.325361
430536.953923	0.525269	69.433594	-556.054687
430536.955926	0.828443	69.433594	-556.054687
430536.957928	0.882644	69.433594	-556.054687
430536.959926	0.879802	9.677822	0.155829
430538.001948	0.431825	287.890625	52.050781
430538.003949	0.763807	287.890625	52.050781
430538.005949	0.885121	287.890625	52.050781
430538.007948	0.882079	9.702868	0.176079
430539.017981	0.469620	77.441406	-534.570312
430539.019982	0.792696	77.441406	-534.570312
430539.021983	0.883739	77.441406	-534.570312
430539.023983	0.880535	9.685887	0.190161
430540.065995	0.374772	303.125000	53.222656
430540.067998	0.713326	303.125000	53.222656
430540.069998	0.883490	303.125000	53.222656
430540.071998	0.881628	9.697905	0.226681
430541.116030	0.623017	72.949219	-543.750000
430541.118034	0.869668	72.949219	-543.750000
430541.120034	0.881900	72.949219	-543.750000
430541.122034	0.879471	9.674180	0.143458
430542.166633	0.870456	280.078125	52.929687
430542.168634	0.881967	280.078125	52.929687
430542.170633	0.881890	9.700794	0.309316
430543.178657	0.321911	86.230469	-505.468750
430543.180660	0.663395	86.230469	-505.468750
430543.182662	0.878550	86.230469	-505.468750
430543.184661	0.881666	86.230469	-505.468750
430543.186662	0.879438	9.673817	0.186988
430544.228663	0.564709	304.394531	54.003906
430544.230662	0.848635	304.394531	54.003906
430544.232664	0.882281	304.394531	54.003906
430544.234663	0.879622	9.675846	0.235385
430545.243192	0.346641	89.941406	-495.996094
430545.245195	0.686886	89.941406	-495.996094
430545.247194	0.881808	89.941406	-495.996094
430545.249194	0.881919	9.701113	0.253376
430546.325230	0.469258	286.523437	54.492187
430546.327231	0.792517	286.523437	54.492187
430546.329230	0.883643	286.523437	54.492187
430546.331232	0.880455	9.685001	0.176476
430547.341235	0.502621	77.636719	-531.054687
430547.343236	0.814998	77.636719	-531.054687
430547.345236	0.882962	77.636719	-531.054687
430547.347236	0.879904	9.678939	0.187653
430548.423301	0.622966	271.484375	53.808594
430548.425302	0.870319	271.484375	53.808594
430548.427304	0.882831	271.484375	53.808594
430548.429303	0.880277	9.683051	0.254326
430549.439316	0.657597	76.171875	-535.449219
430549.441318	0.877047	76.171875	-535.449219
430549.443317	0.881086	76.171875	-535.449219
430549.445318	0.878869	9.667561	0.415117
430550.489345	0.848826	289.453125	53.613281
430550.491347	0.882403	289.453125	53.613281
430550.493347	0.879719	9.676909	0.185952
430551.501920	1.502074	79.687500	-526.074219
430551.503922	0.696369	79.687500	-526.074219
430551.505922	0.882818	79.687500	-526.074219
430551.507921	0.882046	9.702504	0.203247
430552.583959	0.476267	272.167969	53.320312
430552.585960	0.797388	272.167969	53.320312
430552.587961	0.883205	272.167969	53.320312
430552.589960	0.879940	9.679338	0.135320
430553.602036	0.826522	68.652344	-555.566406
430553.604036	0.882986	68.652344	-555.566406
430553.606036	0.879990	9.679888	0.154376
430554.648510	2.137276	287.890625	53.515625
430554.650512	0.816027	287.890625	53.515625
430554.652512	0.882779	287.890625	53.515625
430554.654512	0.879794	9.677734	0.183499
430555.664544	0.542702	85.058594	-515.917969
430555.668545	0.882329	85.058594	-515.917969
430555.670547	0.879582	85.058594	-515.917969
430555.672546	0.878040	9.658441	0.212813
430556.712585	0.453096	293.750000	53.222656
430556.714588	0.780577	293.750000	53.222656
430556.716588	0.884428	293.750000	53.222656
430556.718589	0.881137	9.692508	0.232527
430557.760653	1.590723	82.617187	-525.390625
430557.762654	0.701977	82.617187	-525.390625
430557.764653	0.882553	82.617187	-525.390625
430557.766654	0.881322	9.694537	0.170801
430558.810703	0.613968	285.546875	54.199219
430558.812705	0.866769	285.546875	54.199219
430558.816703	0.879146	285.546875	54.199219
430558.818708	0.877723	9.654949	0.253215
430559.825633	0.465731	90.527344	-507.226562
430559.827634	0.789921	90.527344	-507.226562
430559.829635	0.884132	90.527344	-507.226562
430559.833634	0.879144	9.670582	0.234476
430560.875654	0.709861	291.503906	55.859375
430560.877658	0.883262	291.503906	55.859375
430560.879657	0.881495	9.696443	0.226336
430561.923704	0.618777	86.816406	-518.066406
430561.925705	0.868607	86.816406	-518.066406
430561.927706	0.869967	86.816406	-518.066406
430561.931704	0.878274	9.661011	0.281082
430562.973709	0.828194	279.101562	56.933594
430562.975710	0.882626	279.101562	56.933594
430562.979710	0.878142	9.659557	0.160348
430564.020297	0.526895	83.691406	-527.343750
430564.022298	0.539895	83.691406	-527.343750
430564.024300	0.882589	83.691406	-527.343750
430564.026298	0.879705	9.676759	0.141593
430565.035250	0.381054	281.542969	58.691406
430565.037255	0.719171	281.542969	58.691406
430565.039253	0.883320	281.542969	58.691406
430565.041253	0.881147	9.692614	0.219665
430566.085259	0.624770	94.824219	-499.121094
430566.087261	0.869892	94.824219	-499.121094
430566.089267	0.881511	94.824219	-499.121094
430566.091265	0.879094	9.670033	0.200746
430567.133824	0.622732	275.781250	59.765625
430567.135825	0.869388	275.781250	59.765625
430567.137825	0.881627	275.781250	59.765625
430567.139825	0.879228	9.671504	0.167094
430568.180374	0.274561	85.351562	-523.242187
430568.182376	0.618307	85.351562	-523.242187
430568.184377	0.868070	85.351562	-523.242187
430568.186377	0.881593	85.351562	-523.242187
430568.190377	0.879125	9.670379	0.148443
430569.196933	0.405139	289.746094	61.621094
430569.198937	0.740980	289.746094	61.621094
430569.200935	0.884377	289.746094	61.621094
430569.202934	0.881541	9.696957	0.224500
430570.247017	0.661055	88.574219	-514.453125
430570.249019	0.877506	88.574219	-514.453125
430570.251019	0.881032	88.574219	-514.453125
430570.253019	0.878834	9.667179	0.203045
430571.295065	0.572073	270.507812	62.011719
430571.297064	0.851709	270.507812	62.011719
430571.299066	0.881910	270.507812	62.011719
430571.301066	0.879260	9.671859	0.174207
430572.345647	0.853181	77.050781	-543.359375
430572.347648	0.883283	77.050781	-543.359375
430572.351646	0.879072	9.669793	0.148065
430573.361644	0.863702	271.679687	62.792969
430573.363646	0.881944	271.679687	62.792969
430573.365645	0.879452	9.673968	0.258280
430574.409675	0.822423	86.816406	-517.773437
430574.411677	0.883641	86.816406	-517.773437
430574.413678	0.880634	9.686977	0.194990
430575.455661	0.413660	269.531250	63.183594
430575.457664	0.748389	269.531250	63.183594
430575.459663	0.884500	269.531250	63.183594
430575.461662	0.881570	9.697267	0.174507
430576.506202	0.742276	77.929687	-540.917969
430576.508204	0.884041	77.929687	-540.917969
430576.512208	0.879278	9.672053	0.150540
430577.520240	0.446875	273.144531	63.574219
430577.522241	0.776156	273.144531	63.574219
430577.524240	0.886612	273.144531	63.574219
430577.526242	0.883693	9.720628	0.230931
430578.568304	0.357314	94.238281	-497.363281
430578.570303	0.697041	94.238281	-497.363281
430578.572303	0.883088	94.238281	-497.363281
430578.574303	0.882357	9.705925	0.202997
430579.616334	0.260868	271.093750	64.160156
430579.618337	0.605355	271.093750	64.160156
430579.620338	0.864357	271.093750	64.160156
430579.622336	0.882018	271.093750	64.160156
430579.624336	0.879557	9.675129	0.188377
430580.667225	0.658132	87.695312	-514.843750
430580.669227	0.877282	87.695312	-514.843750
430580.671227	0.881297	87.695312	-514.843750
430580.673226	0.879047	9.669518	0.424560
430581.715263	0.568125	245.507812	62.500000
430581.717266	0.850059	245.507812	62.500000
430581.719265	0.882000	245.507812	62.500000
430581.721266	0.879469	9.674153	0.133249
430582.731272	0.602329	88.378906	-512.597656
430582.733272	0.863162	88.378906	-512.597656
430582.735271	0.881620	88.378906	-512.597656
430582.737272	0.879170	9.670866	0.195833
430583.779343	0.517650	266.210937	63.769531
430583.781347	0.824158	266.210937	63.769531
430583.783345	0.882952	266.210937	63.769531
430583.785344	0.880028	9.680305	0.174797
430584.831364	0.884434	88.378906	-513.964844
430584.833366	0.881324	88.378906	-513.964844
430584.835366	0.879419	9.673614	0.153360
430585.875919	0.420108	258.105469	63.281250
430585.877921	0.753909	258.105469	63.281250
430585.881921	0.881813	258.105469	63.281250
430585.883921	0.879825	9.678080	0.133118
430586.892842	0.606291	92.480469	-502.441406
430586.894842	0.864863	92.480469	-502.441406
430586.896841	0.882188	92.480469	-502.441406
430586.898842	0.879680	9.676484	0.261555
430587.942860	0.821256	268.066406	63.183594
430587.944862	0.882560	268.066406	63.183594
430587.946861	0.879597	9.675571	0.178391
430588.991428	0.821010	78.906250	-536.621094
430588.993431	0.883035	78.906250	-536.621094
430588.995429	0.879989	9.679878	0.157933
430590.037860	0.488613	257.812500	62.207031
430590.039863	0.805762	257.812500	62.207031
430590.041864	0.883092	257.812500	62.207031
430590.043863	0.879983	9.679817	0.141796
430591.056420	0.867274	94.921875	-498.828125
430591.060418	0.879922	94.921875	-498.828125
430591.062422	0.878400	9.662402	0.286751
430592.102423	0.518620	268.457031	62.011719
430592.104425	0.824463	268.457031	62.011719
430592.106426	0.882284	268.457031	62.011719
430592.108426	0.879376	9.673135	0.185798
430593.152433	0.755629	90.625000	-509.863281
430593.154434	0.883356	90.625000	-509.863281
430593.156436	0.880213	9.682343	0.159813
430594.200486	0.672410	260.644531	60.253906
430594.202487	0.880880	260.644531	60.253906
430594.204488	0.882914	260.644531	60.253906
430594.206488	0.880538	9.685914	0.136152
430595.215002	0.454453	101.562500	-481.738281
430595.217005	0.781270	101.562500	-481.738281
430595.219004	0.883428	101.562500	-481.738281
430595.221005	0.880164	9.681802	0.217068
430596.265048	0.701124	278.808594	60.839844
430596.267049	0.708028	278.808594	60.839844
430596.271048	0.878418	9.662598	0.638406
430597.313040	0.603627	77.343750	-538.476562
430597.315040	0.863313	77.343750	-538.476562
430597.317040	0.865288	77.343750	-538.476562
430597.319041	0.878918	9.668100	0.201378
430598.363078	0.821735	253.710937	57.812500
430598.365083	0.883160	253.710937	57.812500
430598.367080	0.880104	9.681146	0.140218
430599.377115	0.549859	83.984375	-521.679687
430599.379115	0.841606	83.984375	-521.679687
430599.381116	0.844307	83.984375	-521.679687
430599.383115	0.879769	9.677460	0.219007
430600.425619	2.110101	278.320312	58.203125
430600.429620	0.882660	278.320312	58.203125
430600.431621	0.879855	278.320312	58.203125
430600.435621	0.877085	9.647940	0.198535
430601.473650	0.447259	77.148437	-534.375000
430601.475651	0.776024	77.148437	-534.375000
430601.477651	0.884482	77.148437	-534.375000
430601.479650	0.881203	9.693234	0.159486
430602.523715	0.699511	269.335937	56.738281
430602.525717	0.881968	269.335937	56.738281
430602.527717	0.880880	9.689681	0.160002
430603.538229	0.479345	78.515625	-529.101562
430603.540232	0.799502	78.515625	-529.101562
430603.542231	0.883245	78.515625	-529.101562
430603.544231	0.880085	9.680934	0.212515
430604.588782	0.798353	285.351562	57.714844
430604.590784	0.883103	285.351562	57.714844
430604.592785	0.879926	9.679188	0.216595
430605.637384	0.800857	75.878906	-533.105469
430605.639385	0.883208	75.878906	-533.105469
430605.641389	0.880064	9.680703	0.146833
430606.685408	0.724514	273.632812	57.421875
430606.687410	0.883471	273.632812	57.421875
430606.689411	0.880956	9.690514	0.722882
430607.700302	0.570939	75.878906	-530.761719
430607.702303	0.851322	75.878906	-530.761719
430607.704304	0.882122	75.878906	-530.761719
430607.706306	0.879477	9.674243	0.193778
430608.780330	0.347136	253.515625	56.933594
430608.782332	0.687416	253.515625	56.933594
430608.784330	0.882600	253.515625	56.933594
430608.786330	0.882793	9.710729	0.127435
430609.798433	0.734839	62.402344	-558.203125
430609.800432	0.884348	62.402344	-558.203125
430609.802434	0.881639	9.698029	0.141463
430610.844920	0.383238	274.316406	58.496094
430610.846922	0.721245	274.316406	58.496094
430610.848921	0.884439	274.316406	58.496094
430610.850921	0.882358	9.705943	0.181783
430611.861489	0.512961	78.417969	-525.292969
430611.863492	0.821214	78.417969	-525.292969
430611.865490	0.882604	78.417969	-525.292969
430611.867492	0.879635	9.675988	0.195992
430612.945514	0.870658	257.324219	57.421875
430612.947516	0.872398	257.324219	57.421875
430612.949515	0.879554	9.675093	0.264991
430613.957522	0.321056	72.753906	-536.816406
430613.959523	0.662428	72.753906	-536.816406
430613.961524	0.878653	72.753906	-536.816406
430613.963524	0.882064	72.753906	-536.816406
430613.965523	0.879743	9.677176	0.146119
430615.008040	0.652469	265.527344	58.300781
430615.010039	0.876377	265.527344	58.300781
430615.012040	0.881528	265.527344	58.300781
430615.014040	0.879195	9.671149	0.429141
430616.026086	0.881453	82.031250	-516.406250
430616.028089	0.881049	9.691542	0.588794
430617.106677	0.848799	256.250000	58.105469
430617.108681	0.882321	256.250000	58.105469
430617.110678	0.879615	9.675766	0.134699
430618.120702	0.600859	63.964844	-554.687500
430618.122704	0.862540	63.964844	-554.687500
430618.124703	0.881562	63.964844	-554.687500
430618.126705	0.879129	9.670423	0.150387
430619.168745	0.510926	273.730469	59.082031
430619.170747	0.820232	273.730469	59.082031
430619.172750	0.883193	273.730469	59.082031
430619.174753	0.880121	9.681333	0.191351
430620.185290	0.633260	78.125000	-524.609375
430620.187294	0.871976	78.125000	-524.609375
430620.189293	0.881260	78.125000	-524.609375
430620.191293	0.878917	9.668092	0.207844
430621.267358	0.751230	251.171875	57.128906
430621.269361	0.883863	251.171875	57.128906
430621.271359	0.880829	9.689122	0.142919
430622.281387	0.456944	69.238281	-542.187500
430622.283390	0.783397	69.238281	-542.187500
430622.285390	0.883960	69.238281	-542.187500
430622.287390	0.880623	9.686853	0.154010
430623.329421	0.360695	267.968750	58.496094
430623.331424	0.700120	267.968750	58.496094
430623.333423	0.882156	267.968750	58.496094
430623.335424	0.881006	9.691063	0.184091
430624.345452	0.402088	91.992187	-494.726562
430624.347453	0.738150	91.992187	-494.726562
430624.349453	0.884151	91.992187	-494.726562
430624.351452	0.881347	9.694821	0.221930
430625.428430	0.675516	256.738281	57.714844
430625.430430	0.880471	256.738281	57.714844
430625.432432	0.881308	256.738281	57.714844
430625.434431	0.879117	9.670290	0.134267
430626.442981	0.467365	75.390625	-532.128906
430626.444983	0.791339	75.390625	-532.128906
430626.446984	0.884939	75.390625	-532.128906
430626.448983	0.881748	9.699224	0.171596
430627.491025	0.375906	265.234375	58.984375
430627.493027	0.714397	265.234375	58.984375
430627.495026	0.882532	265.234375	58.984375
430627.497027	0.882725	9.709975	0.177542
430628.541076	0.626872	73.339844	-537.402344
430628.543076	0.870385	73.339844	-537.402344
430628.545078	0.881367	73.339844	-537.402344
430628.547077	0.879032	9.669351	0.268255
430629.590054	0.694389	254.296875	58.691406
430629.592057	0.882163	254.296875	58.691406
430629.594059	0.881522	9.696744	0.123652
430630.604658	0.491483	84.179687	-516.894531
430630.606659	0.807603	84.179687	-516.894531
430630.608660	0.882800	84.179687	-516.894531
430630.610659	0.879745	9.677194	0.182834
430631.654739	0.743029	266.308594	61.425781
430631.656743	0.883297	266.308594	61.425781
430631.658743	0.880358	9.683938	0.173471
430632.702741	0.648112	72.753906	-541.601562
430632.704745	0.875725	72.753906	-541.601562
430632.706743	0.881685	72.753906	-541.601562
430632.708743	0.879327	9.672594	0.144251
430633.752770	0.845006	247.753906	61.132812
430633.754772	0.882186	247.753906	61.132812
430633.756772	0.879553	9.675084	0.119543
430634.765310	0.335651	87.304687	-512.304687
430634.767323	0.676307	87.304687	-512.304687
430634.769325	0.881401	87.304687	-512.304687
430634.771327	0.882457	9.707024	0.194704
430635.817356	0.857753	247.167969	62.988281
430635.819357	0.881620	247.167969	62.988281
430635.821358	0.879144	9.670582	0.156604
430636.865833	0.851485	80.371094	-527.246094
430636.867835	0.881933	80.371094	-527.246094
430636.869835	0.879351	9.672860	0.143957
