time (s)	energy (uJ)	charge (mC)	voltage (mV)	crossing#mod 255
430681.036850	27.556698	0.009691	2.843441	242
430682.083980	23.674738	0.009661	2.450580	243
430683.132252	23.250759	0.009683	2.401218	244
430684.147335	25.163067	0.009676	2.600628	245
430685.196787	26.779699	0.009682	2.765970	246
430686.245050	23.002209	0.009681	2.376028	247
430687.295498	26.640842	0.009685	2.750719	248
430688.308939	25.424080	0.009681	2.626095	249
430689.390697	24.152063	0.009692	2.492079	250
430690.406647	21.724237	0.009680	2.244317	251
430691.455471	27.990232	0.009678	2.892164	252
430692.471815	28.474218	0.009674	2.943405	253
430693.552604	21.120178	0.009660	2.186292	254
430694.568556	22.329014	0.009657	2.312238	255
430695.617126	25.432287	0.009676	2.628368	0
430696.665664	22.437920	0.009677	2.318567	1
430697.713899	21.979124	0.009678	2.270942	2
430698.731441	26.725510	0.009678	2.761493	3
430699.778367	26.023474	0.009679	2.688773	4
430700.828783	23.670359	0.009677	2.446115	5
430701.875706	22.510101	0.009675	2.326545	6
430702.923961	19.290340	0.009682	1.992367	7
430703.973611	21.051455	0.009675	2.175906	8
430704.988470	20.193998	0.009660	2.090390	9
430706.036770	25.191635	0.009701	2.596768	10
430707.054237	25.787466	0.009679	2.664186	11
430708.133892	22.674217	0.009702	2.337171	12
430709.154153	21.206882	0.009663	2.194540	13
430710.231628	17.842861	0.009677	1.843792	14
430711.246384	19.721304	0.009669	2.039636	15
430712.300275	21.735661	0.009657	2.250830	16
430713.312096	23.662916	0.009665	2.448227	17
430714.392915	18.687105	0.009679	1.930607	18
430715.409574	19.837421	0.009692	2.046777	19
430716.457739	20.969164	0.009673	2.167878	20
430717.496054	20.404263	0.009671	2.109889	21
430718.554253	18.122513	0.009697	1.868957	22
430719.570146	22.199406	0.009684	2.292388	23
430720.618412	22.707932	0.009694	2.342386	24
430721.634680	25.295815	0.009676	2.614295	25
430722.716493	18.498060	0.009671	1.912768	26
430723.734443	21.210388	0.009689	2.189175	27
430724.780984	24.467884	0.009666	2.531374	28
430725.795987	26.743538	0.009676	2.764007	29
430726.877731	20.464617	0.009675	2.115230	30
430727.893668	20.512388	0.009657	2.124049	31
430728.975698	18.195780	0.009690	1.877864	32
430729.996821	16.761290	0.009674	1.732653	33
430731.040712	22.105217	0.009676	2.284596	34
430732.055003	21.339382	0.009673	2.206012	35
430733.111837	22.908527	0.009697	2.362406	36
430734.152904	19.022036	0.009698	1.961492	37
430735.200338	18.005960	0.009698	1.856606	38
430736.249862	16.439770	0.009690	1.696484	39
430737.263863	23.909859	0.009675	2.471318	40
430738.315856	21.327538	0.009673	2.204961	41
430739.362208	19.713333	0.009682	2.036175	42
430740.410000	18.203646	0.009671	1.882290	43
430741.458767	17.779491	0.009692	1.834523	44
430742.474663	20.620626	0.009683	2.129494	45
430743.525062	21.569031	0.009673	2.229801	46
430744.539411	25.418756	0.009677	2.626815	47
430745.641662	14.794703	0.009657	1.532006	48
430746.623228	23.031034	0.009665	2.382934	49
430747.718030	16.034128	0.009675	1.657190	50
430748.700482	24.332670	0.009698	2.509012	51
430749.782223	20.571976	0.009683	2.124542	52
430750.799778	19.301386	0.009673	1.995287	53
430751.880001	17.199078	0.009667	1.779245	54
430752.896014	15.616948	0.009693	1.611205	55
430753.943295	20.408474	0.009704	2.103170	56
430754.959244	20.865955	0.009696	2.151958	57
430756.041319	21.019014	0.009675	2.172477	58
430757.057310	36.646679	0.009697	3.779284	59
430758.107205	21.289703	0.009681	2.199109	60
430759.121794	20.466082	0.009669	2.116634	61
430760.202599	17.167700	0.009676	1.774193	62
430761.218559	17.040770	0.009671	1.762034	63
430762.271112	20.948917	0.009663	2.167986	64
430763.284377	21.425323	0.009658	2.218488	65
430764.363648	17.189936	0.009693	1.773493	66
430765.379572	17.351759	0.009696	1.789625	67
430766.429040	22.694025	0.009660	2.349172	68
430767.445580	22.435991	0.009683	2.317084	69
430768.525630	17.642370	0.009651	1.827999	70
430769.561858	13.495749	0.009671	1.395433	71
430770.622395	14.567560	0.009693	1.502949	72
430771.605995	24.010197	0.009656	2.486682	73
430772.662241	24.162853	0.009679	2.496468	74
430773.703920	21.175135	0.009665	2.190959	75
430774.750990	21.214853	0.009660	2.196114	76
430775.802055	16.345932	0.009678	1.688904	77
430776.848836	15.976186	0.009688	1.649147	78
430777.863138	23.129984	0.009685	2.388258	79
430778.913367	19.767206	0.009669	2.044368	80
430779.961603	18.642122	0.009678	1.926257	81
430781.011735	16.405468	0.009677	1.695271	82
430782.026427	22.224854	0.009674	2.297427	83
430783.074682	22.962374	0.009657	2.377681	84
430784.123277	17.439915	0.009676	1.802342	85
430785.172083	20.488483	0.009674	2.117910	86
430786.188016	19.525667	0.009670	2.019110	87
430787.268580	16.202507	0.009686	1.672772	88
430788.286006	14.677928	0.009677	1.516856	89
430789.332143	20.796370	0.009713	2.141196	90
430790.348786	20.878725	0.009702	2.151981	91
430791.429913	16.775766	0.009698	1.729776	92
430792.447236	16.229950	0.009690	1.674953	93
430793.519667	14.995067	0.009693	1.547022	94
430794.510602	21.694372	0.009678	2.241615	95
430795.612449	12.902757	0.009674	1.333757	96
430796.610175	16.088434	0.009668	1.664008	97
430797.688843	13.812257	0.009685	1.426197	98
430798.674103	21.270638	0.009669	2.199927	99
430799.753299	16.988308	0.009689	1.753296	100
430800.769224	17.068798	0.009656	1.767619	101
430801.826893	18.880077	0.009668	1.952890	102
430802.868188	12.807635	0.009672	1.324264	103
430803.915362	18.286995	0.009671	1.890866	104
430804.931303	18.181902	0.009659	1.882371	105
430806.012386	14.234662	0.009672	1.471728	106
430807.028342	13.864316	0.009672	1.433472	107
430808.076558	16.818531	0.009673	1.738683	108
430809.096127	17.874195	0.009675	1.847372	109
430810.140774	21.224958	0.009680	2.192646	110
430811.189316	16.508081	0.009695	1.702720	111
430812.238924	16.055784	0.009686	1.657688	112
430813.285839	14.016486	0.009673	1.449050	113
430814.302911	20.499233	0.009665	2.120875	114
430815.328840	25.161028	0.009670	2.601961	115
430816.399707	15.079175	0.009672	1.559062	116
430817.449373	13.451675	0.009686	1.388779	117
430818.496497	12.414188	0.009696	1.280398	118
430819.512424	16.611849	0.009685	1.715255	119
430820.560702	16.721464	0.009688	1.726049	120
430821.610104	13.440701	0.009659	1.391570	121
430822.660246	14.302339	0.009675	1.478227	122
430823.673748	16.304613	0.009697	1.681385	123
430824.723189	18.102026	0.009671	1.871881	124
430825.739668	20.608530	0.009688	2.127322	125
430826.820012	14.330439	0.009703	1.476977	126
430827.835936	15.331394	0.009672	1.585203	127
430828.941428	8.380670	0.009673	0.866400	128
430829.900135	20.556435	0.009682	2.123099	129
430830.981918	15.524248	0.009670	1.605333	130
430831.997965	15.246085	0.009686	1.574038	131
430833.078429	12.558346	0.009686	1.296583	132
430834.094335	11.761753	0.009653	1.218489	133
430835.142628	16.991461	0.009730	1.746322	134
430836.158530	16.636147	0.009698	1.715426	135
430837.240239	10.796700	0.009632	1.120956	136
430838.256231	11.989117	0.009668	1.240117	137
430839.304808	16.435415	0.009667	1.700211	138
430840.324251	15.102411	0.009672	1.561380	139
430841.401346	13.316141	0.009692	1.373972	140
430842.417265	13.081306	0.009663	1.353687	141
430843.465551	17.251848	0.009695	1.779522	142
430844.481488	17.330580	0.009682	1.789945	143
430845.563246	12.753499	0.009702	1.314560	144
430846.579142	13.034186	0.009671	1.347759	145
430847.628923	16.644604	0.009678	1.719897	146
430848.643331	18.657654	0.009671	1.929158	147
430849.724524	12.831676	0.009719	1.320280	148
430850.746088	13.292967	0.009656	1.376602	149
430851.788732	15.464319	0.009688	1.596248	150
430852.804660	19.172749	0.009690	1.978713	151
430853.886421	11.252934	0.009673	1.163363	152
430854.902184	16.407799	0.009653	1.699798	153
430855.952199	14.898726	0.009675	1.539883	154
430857.000726	12.852676	0.009684	1.327244	155
430858.050734	9.245675	0.009686	0.954495	156
430859.068088	16.026989	0.009656	1.659751	157
430860.115298	13.857829	0.009693	1.429697	158
430861.160458	13.114829	0.009692	1.353154	159
430862.232366	8.413148	0.009683	0.868886	160
430863.226027	16.703472	0.009687	1.724253	161
430864.274127	16.312721	0.009669	1.687061	162
430865.322687	12.756663	0.009671	1.319128	163
430866.372520	13.269493	0.009675	1.371469	164
430867.386840	15.220764	0.009670	1.574064	165
430868.435104	17.505041	0.009675	1.809397	166
430869.483394	11.440626	0.009702	1.179251	167
430870.506819	21.242455	0.009688	2.192641	168
430871.547196	15.086358	0.009656	1.562456	169
430872.629893	11.610993	0.009654	1.202668	170
430873.645851	11.359249	0.009667	1.175033	171
430874.694079	15.166048	0.009675	1.567565	172
430875.711667	14.696682	0.009670	1.519787	173
430876.791926	11.580837	0.009688	1.195404	174
430877.806530	10.057531	0.009674	1.039666	175
430878.854808	15.996073	0.009665	1.655033	176
430879.872032	15.463981	0.009687	1.596320	177
430880.953039	12.127157	0.009666	1.254591	178
430881.968116	11.691533	0.009703	1.204997	179
430883.016661	15.986592	0.009694	1.649191	180
430884.032579	15.768228	0.009695	1.626446	181
430885.114352	12.036910	0.009678	1.243752	182
430886.131846	12.166814	0.009668	1.258482	183
430887.178906	15.597703	0.009663	1.614210	184
430888.193977	16.852276	0.009693	1.738642	185
430889.275736	11.513350	0.009671	1.190527	186
430890.291647	13.698236	0.009668	1.416851	187
430891.341356	14.144857	0.009689	1.459910	188
430892.389915	11.028502	0.009679	1.139383	189
430893.404437	18.071650	0.009655	1.871764	190
430894.452900	15.183589	0.009675	1.569440	191
430895.501174	13.379590	0.009690	1.380772	192
430896.553022	83.648926	0.009689	8.633352	193
430897.565619	18.400948	0.009672	1.902460	194
430898.614621	15.769866	0.009668	1.631153	195
430899.664980	13.121136	0.009671	1.356743	196
430900.711575	11.954763	0.009676	1.235455	197
430901.761167	10.694702	0.009688	1.103874	198
430902.777639	15.133969	0.009673	1.564486	199
430903.824209	14.823506	0.009655	1.535295	200
430904.873428	11.657885	0.009671	1.205468	201
430905.923219	11.461637	0.009674	1.184813	202
430906.937629	15.135655	0.009671	1.565043	203
430907.987320	15.494317	0.009687	1.599448	204
430909.034444	11.425077	0.009684	1.179828	205
430910.082687	12.526398	0.009673	1.295000	206
430911.098650	14.893098	0.009691	1.536797	207
430912.148453	16.504354	0.009687	1.703761	208
430913.196596	11.289596	0.009673	1.167131	209
430914.245210	12.923662	0.009677	1.335565	210
430915.260786	14.855524	0.009671	1.536022	211
430916.309348	17.180355	0.009670	1.776695	212
430917.357495	11.433604	0.009655	1.184212	213
430918.407988	13.047612	0.009675	1.348629	214
430919.422612	15.116420	0.009665	1.563960	215
430920.503194	9.875430	0.009695	1.018626	216
430921.518469	11.505411	0.009686	1.187806	217
430922.568687	13.127903	0.009685	1.355456	218
430923.583884	15.564174	0.009673	1.609047	219
430924.633594	16.944267	0.009660	1.754036	220
430925.680727	12.668182	0.009687	1.307694	221
430926.729488	13.364548	0.009653	1.384533	222
430927.745453	16.340069	0.009671	1.689587	223
430928.794243	16.633650	0.009664	1.721256	224
430929.842810	13.108632	0.009673	1.355135	225
430930.891357	12.839493	0.009675	1.327109	226
430931.907358	18.241280	0.009692	1.882096	227
430932.957256	15.886064	0.009670	1.642864	228
430934.003852	14.120319	0.009678	1.459004	229
430935.053423	11.971804	0.009689	1.235584	230
430936.101959	10.817847	0.009683	1.117188	231
430937.116600	16.834068	0.009695	1.736368	232
430938.187832	9.039355	0.009644	0.937299	233
430939.214662	12.434605	0.009663	1.286765	234
430940.262600	10.958130	0.009668	1.133491	235
430941.278782	17.351664	0.009673	1.793777	236
430942.328614	14.161502	0.009673	1.463995	237
430943.377193	13.243920	0.009672	1.369360	238
430944.424612	10.379934	0.009675	1.072824	239
430945.474183	10.773304	0.009675	1.113563	240
430946.493197	12.074788	0.009641	1.252460	241
430947.536843	14.892718	0.009694	1.536308	242
430948.585403	9.591681	0.009686	0.990239	243
430949.637342	11.403728	0.009682	1.177806	244
430950.650202	11.597569	0.009665	1.199919	245
430951.698457	16.010878	0.009686	1.653076	246
430952.715916	16.398586	0.009671	1.695664	247
430953.818217	8.834678	0.009665	0.914107	248
430954.812509	12.786892	0.009693	1.319241	249
430955.860636	17.099295	0.009667	1.768836	250
430956.908853	9.376837	0.009675	0.969219	251
430957.958515	12.747931	0.009683	1.316500	252
430958.973373	11.631181	0.009674	1.202342	253
430960.077308	7.065964	0.009697	0.728684	254
430961.071232	9.591698	0.009699	0.988968	255
430962.120628	12.629018	0.009649	1.308859	0
430963.138216	13.103526	0.009672	1.354783	1
430964.184695	16.520294	0.009675	1.707518	2
430965.231464	10.769866	0.009680	1.112558	3
430966.281737	12.214650	0.009692	1.260232	4
430967.297669	14.091440	0.009658	1.458977	5
430968.345805	15.393415	0.009679	1.590464	6
430969.394391	11.449200	0.009690	1.181547	7
430970.441571	11.596167	0.009692	1.196504	8
430971.457523	16.482553	0.009692	1.700695	9
430972.528725	10.688649	0.009675	1.104724	10
430973.555895	12.486577	0.009681	1.289845	11
430974.604472	10.551503	0.009689	1.088992	12
430975.652986	9.345145	0.009704	0.963065	13
430976.667894	13.668975	0.009650	1.416412	14
430977.716178	13.413845	0.009687	1.384711	15
430978.769707	10.348693	0.009664	1.070813	16
430979.814237	55.159721	0.009662	5.708775	17
430980.853174	10.243742	0.009694	1.056750	18
430981.879969	12.725267	0.009670	1.315933	19
430982.928181	11.488224	0.009672	1.187774	20
430983.976765	9.758901	0.009678	1.008340	21
430985.025317	8.609035	0.009672	0.890077	22
430986.039672	12.907478	0.009668	1.335011	23
430987.087412	12.460285	0.009672	1.288223	24
430988.136724	10.070317	0.009675	1.040898	25
430989.184826	9.638761	0.009649	0.998929	26
430990.201183	12.806321	0.009672	1.324112	27
430991.249452	12.573428	0.009687	1.297982	28
430992.275116	14.378637	0.009700	1.482364	29
430993.351015	9.004137	0.009669	0.931223	30
430994.362180	13.227835	0.009696	1.364299	31
430995.411608	13.505981	0.009664	1.397550	32
430996.460167	10.248530	0.009669	1.059885	33
430997.508712	9.444682	0.009674	0.976258	34
430998.524349	13.262542	0.009666	1.372106	35
430999.572590	12.903913	0.009680	1.333006	36
431000.621148	10.572184	0.009681	1.092039	37
431001.670736	9.495542	0.009682	0.980771	38
431002.685646	14.275936	0.009670	1.476236	39
431003.735233	12.598708	0.009661	1.304036	40
431004.782451	10.973930	0.009693	1.132206	41
431005.809329	13.691413	0.009668	1.416121	42
431006.823699	22.257385	0.009669	2.302030	43
