crossing time (s)	slope (V/s)	crossing number
281474976710655.000000	5.495492	30961	0.000000
281474976710655.000000	5.275442	30962	430681030656.000000
281474976710655.000000	4.882278	30963	430682079232.000000
281474976710655.000000	5.054579	30964	430683127808.000000
281474976710655.000000	5.141318	30965	430684143616.000000
281474976710655.000000	5.331684	30966	430685192192.000000
281474976710655.000000	5.794785	30967	430686240768.000000
281474976710655.000000	5.271518	30968	430687289344.000000
281474976710655.000000	5.104342	30969	430688305152.000000
281474976710655.000000	5.565493	30970	430689386496.000000
281474976710655.000000	6.341196	30971	430690402304.000000
281474976710655.000000	6.089736	30972	430691450880.000000
281474976710655.000000	5.418992	30973	430692466688.000000
281474976710655.000000	5.484634	30974	430693548032.000000
281474976710655.000000	5.734028	30975	430694563840.000000
281474976710655.000000	5.346255	30976	430695612416.000000
281474976710655.000000	5.599363	30977	430696660992.000000
281474976710655.000000	5.371625	30978	430697709568.000000
281474976710655.000000	6.033141	30979	430698725376.000000
281474976710655.000000	6.364893	30980	430699773952.000000
281474976710655.000000	6.398049	30981	430700822528.000000
281474976710655.000000	6.065116	30982	430701871104.000000
281474976710655.000000	5.843546	30983	430702919680.000000
281474976710655.000000	5.672050	30984	430703968256.000000
281474976710655.000000	6.118550	30985	430704984064.000000
281474976710655.000000	5.998291	30986	430706032640.000000
281474976710655.000000	5.750194	30987	430707048448.000000
281474976710655.000000	5.648750	30988	430708129792.000000
281474976710655.000000	6.541397	30989	430709145600.000000
281474976710655.000000	6.281044	30990	430710226944.000000
281474976710655.000000	6.363092	30991	430711242752.000000
281474976710655.000000	6.655627	30992	430712291328.000000
281474976710655.000000	5.934523	30993	430713307136.000000
281474976710655.000000	6.160564	30994	430714388480.000000
281474976710655.000000	6.445692	30995	430715404288.000000
281474976710655.000000	6.086720	30996	430716452864.000000
281474976710655.000000	6.322533	30997	430717468672.000000
281474976710655.000000	6.758369	30998	430718550016.000000
281474976710655.000000	6.345849	30999	430719565824.000000
281474976710655.000000	6.249770	31000	430720614400.000000
281474976710655.000000	6.374202	31001	430721630208.000000
281474976710655.000000	6.230557	31002	430722711552.000000
281474976710655.000000	6.604774	31003	430723727360.000000
281474976710655.000000	6.925635	31004	430724775936.000000
281474976710655.000000	6.516178	31005	430725791744.000000
281474976710655.000000	6.696147	31006	430726873088.000000
281474976710655.000000	6.213995	31007	430727888896.000000
281474976710655.000000	6.368420	31008	430728970240.000000
281474976710655.000000	6.961974	31009	430729953280.000000
281474976710655.000000	6.475677	31010	430731034624.000000
281474976710655.000000	6.678311	31011	430732050432.000000
281474976710655.000000	6.458379	31012	430733131776.000000
281474976710655.000000	6.482719	31013	430734147584.000000
281474976710655.000000	7.020895	31014	430735196160.000000
281474976710655.000000	7.023030	31015	430736244736.000000
281474976710655.000000	6.781265	31016	430737260544.000000
281474976710655.000000	6.777053	31017	430738309120.000000
281474976710655.000000	6.700910	31018	430739357696.000000
281474976710655.000000	6.929674	31019	430740406272.000000
281474976710655.000000	6.692318	31020	430741454848.000000
281474976710655.000000	6.855600	31021	430742470656.000000
281474976710655.000000	6.843355	31022	430743519232.000000
281474976710655.000000	7.242780	31023	430744535040.000000
281474976710655.000000	7.313078	31024	430745616384.000000
281474976710655.000000	6.831047	31025	430746632192.000000
281474976710655.000000	7.091090	31026	430747713536.000000
281474976710655.000000	6.945411	31027	430748696576.000000
281474976710655.000000	6.618439	31028	430749777920.000000
281474976710655.000000	7.338492	31029	430750793728.000000
281474976710655.000000	6.929041	31030	430751875072.000000
281474976710655.000000	7.298114	31031	430752890880.000000
281474976710655.000000	7.369424	31032	430753939456.000000
281474976710655.000000	7.339528	31033	430754955264.000000
281474976710655.000000	6.978182	31034	430756036608.000000
281474976710655.000000	6.943494	31035	430757052416.000000
281474976710655.000000	7.026519	31036	430758100992.000000
281474976710655.000000	7.343136	31037	430759116800.000000
281474976710655.000000	7.280782	31038	430760198144.000000
281474976710655.000000	7.549046	31039	430761213952.000000
281474976710655.000000	7.154515	31040	430762262528.000000
281474976710655.000000	7.270045	31041	430763278336.000000
281474976710655.000000	6.886236	31042	430764359680.000000
281474976710655.000000	7.599731	31043	430765375488.000000
281474976710655.000000	7.546720	31044	430766424064.000000
281474976710655.000000	7.622993	31045	430767439872.000000
281474976710655.000000	7.478257	31046	430768521216.000000
281474976710655.000000	7.231687	31047	430769537024.000000
281474976710655.000000	7.103353	31048	430770618368.000000
281474976710655.000000	7.463756	31049	430771601408.000000
281474976710655.000000	7.737159	31050	430772682752.000000
281474976710655.000000	7.355482	31051	430773698560.000000
281474976710655.000000	7.578472	31052	430774747136.000000
281474976710655.000000	7.533029	31053	430775795712.000000
281474976710655.000000	7.764268	31054	430776844288.000000
281474976710655.000000	8.142995	31055	430777860096.000000
281474976710655.000000	7.620939	31056	430778908672.000000
281474976710655.000000	7.141769	31057	430779957248.000000
281474976710655.000000	7.095578	31058	430781005824.000000
281474976710655.000000	7.556815	31059	430782021632.000000
281474976710655.000000	8.064628	31060	430783070208.000000
281474976710655.000000	8.064196	31061	430784118784.000000
281474976710655.000000	7.650956	31062	430785167360.000000
281474976710655.000000	7.920237	31063	430786183168.000000
281474976710655.000000	7.482219	31064	430787264512.000000
281474976710655.000000	8.031280	31065	430788280320.000000
281474976710655.000000	8.065155	31066	430789328896.000000
281474976710655.000000	7.368117	31067	430790344704.000000
281474976710655.000000	7.159377	31068	430791426048.000000
281474976710655.000000	8.256239	31069	430792441856.000000
281474976710655.000000	8.062481	31070	430793490432.000000
281474976710655.000000	8.363488	31071	430794506240.000000
281474976710655.000000	8.290130	31072	430795587584.000000
281474976710655.000000	7.389503	31073	430796603392.000000
281474976710655.000000	7.400158	31074	430797684736.000000
281474976710655.000000	7.982301	31075	430798667776.000000
281474976710655.000000	7.970353	31076	430799749120.000000
281474976710655.000000	8.420337	31077	430800764928.000000
281474976710655.000000	8.286293	31078	430801846272.000000
281474976710655.000000	7.556251	31079	430802862080.000000
281474976710655.000000	8.011951	31080	430803910656.000000
281474976710655.000000	8.097125	31081	430804926464.000000
281474976710655.000000	7.465015	31082	430806007808.000000
281474976710655.000000	7.879853	31083	430807023616.000000
281474976710655.000000	7.877117	31084	430808072192.000000
281474976710655.000000	8.205000	31085	430809088000.000000
281474976710655.000000	8.504418	31086	430810136576.000000
281474976710655.000000	8.477765	31087	430811185152.000000
281474976710655.000000	8.093264	31088	430812233728.000000
281474976710655.000000	7.608717	31089	430813282304.000000
281474976710655.000000	7.720511	31090	430814298112.000000
281474976710655.000000	7.984969	31091	430815346688.000000
281474976710655.000000	7.968281	31092	430816395264.000000
281474976710655.000000	8.088905	31093	430817443840.000000
281474976710655.000000	8.362965	31094	430818492416.000000
281474976710655.000000	8.662570	31095	430819508224.000000
281474976710655.000000	8.653966	31096	430820556800.000000
281474976710655.000000	8.221862	31097	430821605376.000000
281474976710655.000000	7.728784	31098	430822653952.000000
281474976710655.000000	7.559353	31099	430823669760.000000
281474976710655.000000	7.805773	31100	430824718336.000000
281474976710655.000000	8.779193	31101	430825734144.000000
281474976710655.000000	8.398579	31102	430826815488.000000
281474976710655.000000	8.222029	31103	430827831296.000000
281474976710655.000000	8.424153	31104	430828912640.000000
281474976710655.000000	7.735066	31105	430829895680.000000
281474976710655.000000	7.999413	31106	430830977024.000000
281474976710655.000000	8.630105	31107	430831992832.000000
281474976710655.000000	7.848186	31108	430833074176.000000
281474976710655.000000	8.324223	31109	430834089984.000000
281474976710655.000000	8.806188	31110	430835138560.000000
281474976710655.000000	8.336184	31111	430836154368.000000
281474976710655.000000	8.367955	31112	430837235712.000000
281474976710655.000000	8.387919	31113	430838251520.000000
281474976710655.000000	7.837458	31114	430839300096.000000
281474976710655.000000	8.498511	31115	430840315904.000000
281474976710655.000000	8.734875	31116	430841397248.000000
281474976710655.000000	8.246354	31117	430842413056.000000
281474976710655.000000	8.651749	31118	430843461632.000000
281474976710655.000000	8.284312	31119	430844477440.000000
281474976710655.000000	8.113265	31120	430845558784.000000
281474976710655.000000	8.431615	31121	430846574592.000000
281474976710655.000000	8.499002	31122	430847623168.000000
281474976710655.000000	8.363068	31123	430848638976.000000
281474976710655.000000	9.076097	31124	430849720320.000000
281474976710655.000000	8.409623	31125	430850736128.000000
281474976710655.000000	8.355801	31126	430851784704.000000
281474976710655.000000	8.627444	31127	430852800512.000000
281474976710655.000000	8.621796	31128	430853881856.000000
281474976710655.000000	8.299698	31129	430854897664.000000
281474976710655.000000	8.458078	31130	430855946240.000000
281474976710655.000000	8.433581	31131	430856994816.000000
281474976710655.000000	9.069989	31132	430858043392.000000
281474976710655.000000	8.839316	31133	430859059200.000000
281474976710655.000000	8.710980	31134	430860107776.000000
281474976710655.000000	8.349687	31135	430861156352.000000
281474976710655.000000	8.300433	31136	430862204928.000000
281474976710655.000000	8.384263	31137	430863220736.000000
281474976710655.000000	8.710852	31138	430864269312.000000
281474976710655.000000	8.848459	31139	430865317888.000000
281474976710655.000000	8.597835	31140	430866366464.000000
281474976710655.000000	8.501924	31141	430867382272.000000
281474976710655.000000	8.297891	31142	430868430848.000000
281474976710655.000000	8.835274	31143	430869479424.000000
281474976710655.000000	8.476548	31144	430870528000.000000
281474976710655.000000	8.592159	31145	430871543808.000000
281474976710655.000000	8.511900	31146	430872625152.000000
281474976710655.000000	8.724834	31147	430873640960.000000
281474976710655.000000	8.746199	31148	430874689536.000000
281474976710655.000000	8.832213	31149	430875705344.000000
281474976710655.000000	8.445814	31150	430876786688.000000
281474976710655.000000	8.550672	31151	430877802496.000000
281474976710655.000000	8.565978	31152	430878851072.000000
281474976710655.000000	8.798220	31153	430879866880.000000
281474976710655.000000	8.591287	31154	430880948224.000000
281474976710655.000000	8.911013	31155	430881964032.000000
281474976710655.000000	8.628643	31156	430883012608.000000
281474976710655.000000	8.655544	31157	430884028416.000000
281474976710655.000000	8.653019	31158	430885109760.000000
281474976710655.000000	8.695586	31159	430886125568.000000
281474976710655.000000	8.706327	31160	430887174144.000000
281474976710655.000000	8.722844	31161	430888189952.000000
281474976710655.000000	8.632118	31162	430889271296.000000
281474976710655.000000	8.662998	31163	430890287104.000000
281474976710655.000000	8.814841	31164	430891335680.000000
281474976710655.000000	8.881576	31165	430892384256.000000
281474976710655.000000	8.726183	31166	430893400064.000000
281474976710655.000000	8.785468	31167	430894448640.000000
281474976710655.000000	8.943643	31168	430895497216.000000
281474976710655.000000	8.781014	31169	430896545792.000000
281474976710655.000000	8.942929	31170	430897561600.000000
281474976710655.000000	8.814181	31171	430898610176.000000
281474976710655.000000	8.691899	31172	430899658752.000000
281474976710655.000000	8.701055	31173	430900707328.000000
281474976710655.000000	8.838785	31174	430901755904.000000
281474976710655.000000	9.084249	31175	430902771712.000000
281474976710655.000000	8.824869	31176	430903820288.000000
281474976710655.000000	8.874511	31177	430904868864.000000
281474976710655.000000	8.774395	31178	430905917440.000000
281474976710655.000000	8.593215	31179	430906933248.000000
281474976710655.000000	8.750040	31180	430907981824.000000
281474976710655.000000	8.968606	31181	430909030400.000000
281474976710655.000000	8.870728	31182	430910078976.000000
281474976710655.000000	8.796696	31183	430911094784.000000
281474976710655.000000	8.681735	31184	430912143360.000000
281474976710655.000000	8.830346	31185	430913191936.000000
281474976710655.000000	9.016940	31186	430914240512.000000
281474976710655.000000	8.918418	31187	430915256320.000000
281474976710655.000000	8.833913	31188	430916304896.000000
281474976710655.000000	8.968464	31189	430917353472.000000
281474976710655.000000	8.947201	31190	430918402048.000000
281474976710655.000000	8.692587	31191	430919417856.000000
281474976710655.000000	8.913886	31192	430920499200.000000
281474976710655.000000	9.167723	31193	430921515008.000000
281474976710655.000000	9.099087	31194	430922563584.000000
281474976710655.000000	9.105206	31195	430923579392.000000
281474976710655.000000	9.013288	31196	430924627968.000000
281474976710655.000000	8.768950	31197	430925676544.000000
281474976710655.000000	8.932850	31198	430926725120.000000
281474976710655.000000	8.824264	31199	430927740928.000000
281474976710655.000000	9.036269	31200	430928789504.000000
281474976710655.000000	9.079677	31201	430929838080.000000
281474976710655.000000	9.129626	31202	430930886656.000000
281474976710655.000000	9.002213	31203	430931902464.000000
281474976710655.000000	8.777601	31204	430932951040.000000
281474976710655.000000	8.970708	31205	430933999616.000000
281474976710655.000000	9.172364	31206	430935048192.000000
281474976710655.000000	9.047054	31207	430936096768.000000
281474976710655.000000	9.205958	31208	430937112576.000000
281474976710655.000000	9.039224	31209	430938161152.000000
281474976710655.000000	8.993151	31210	430939209728.000000
281474976710655.000000	9.129889	31211	430940258304.000000
281474976710655.000000	9.185089	31212	430941274112.000000
281474976710655.000000	9.195726	31213	430942322688.000000
281474976710655.000000	9.223203	31214	430943371264.000000
281474976710655.000000	8.993220	31215	430944419840.000000
281474976710655.000000	8.959003	31216	430945468416.000000
281474976710655.000000	9.133958	31217	430946484224.000000
281474976710655.000000	9.032969	31218	430947532800.000000
281474976710655.000000	9.302214	31219	430948581376.000000
281474976710655.000000	8.951985	31220	430949629952.000000
281474976710655.000000	9.123462	31221	430950645760.000000
281474976710655.000000	8.938932	31222	430951694336.000000
281474976710655.000000	9.330870	31223	430952710144.000000
281474976710655.000000	9.246724	31224	430953791488.000000
281474976710655.000000	9.162280	31225	430954807296.000000
281474976710655.000000	9.085527	31226	430955855872.000000
281474976710655.000000	9.529406	31227	430956904448.000000
281474976710655.000000	9.090941	31228	430957953024.000000
281474976710655.000000	9.438961	31229	430958968832.000000
281474976710655.000000	9.120296	31230	430960050176.000000
281474976710655.000000	9.147622	31231	430961065984.000000
281474976710655.000000	9.207862	31232	430962114560.000000
281474976710655.000000	9.346547	31233	430963130368.000000
281474976710655.000000	9.079264	31234	430964178944.000000
281474976710655.000000	9.062769	31235	430965227520.000000
281474976710655.000000	9.051810	31236	430966276096.000000
281474976710655.000000	9.355207	31237	430967291904.000000
281474976710655.000000	9.341731	31238	430968340480.000000
281474976710655.000000	9.485071	31239	430969389056.000000
281474976710655.000000	9.203980	31240	430970437632.000000
281474976710655.000000	8.973978	31241	430971453440.000000
281474976710655.000000	9.138295	31242	430972502016.000000
281474976710655.000000	9.291669	31243	430973550592.000000
281474976710655.000000	9.422308	31244	430974599168.000000
281474976710655.000000	9.310740	31245	430975647744.000000
281474976710655.000000	9.466267	31246	430976663552.000000
281474976710655.000000	9.294032	31247	430977712128.000000
281474976710655.000000	9.225347	31248	430978760704.000000
281474976710655.000000	9.338466	31249	430979809280.000000
281474976710655.000000	9.170028	31250	430980825088.000000
281474976710655.000000	9.161627	31251	430981873664.000000
281474976710655.000000	9.261651	31252	430982922240.000000
281474976710655.000000	9.405066	31253	430983970816.000000
281474976710655.000000	9.362147	31254	430985019392.000000
281474976710655.000000	9.347659	31255	430986035200.000000
281474976710655.000000	9.227173	31256	430987083776.000000
281474976710655.000000	9.135900	31257	430988132352.000000
281474976710655.000000	9.377296	31258	430989180928.000000
281474976710655.000000	9.159498	31259	430990196736.000000
281474976710655.000000	9.461924	31260	430991245312.000000
281474976710655.000000	9.452579	31261	430992293888.000000
281474976710655.000000	9.274976	31262	430993342464.000000
281474976710655.000000	9.157495	31263	430994358272.000000
281474976710655.000000	9.182447	31264	430995406848.000000
281474976710655.000000	9.284266	31265	430996455424.000000
281474976710655.000000	9.452231	31266	430997504000.000000
281474976710655.000000	9.345636	31267	430998519808.000000
281474976710655.000000	9.360960	31268	430999568384.000000
281474976710655.000000	9.222324	31269	431000616960.000000
281474976710655.000000	9.260814	31270	431001665536.000000
281474976710655.000000	9.347416	31271	431002681344.000000
281474976710655.000000	9.478606	31272	431003729920.000000
281474976710655.000000	9.425632	31273	431004778496.000000
281474976710655.000000	9.437917	31274	431005827072.000000
281474976710655.000000	9.267190	31275	431006842880.000000
