crossing time (s)	slope (V/s)	crossing number
281474976710655.000000	6.722390	3479	0.000000
281474976710655.000000	6.246155	3480	0.000000
281474976710655.000000	8.989823	3481	0.000000
281474976710655.000000	10.124417	3482	0.000000
281474976710655.000000	11.193009	3483	0.000000
281474976710655.000000	11.049955	3484	74103136256.000000
281474976710655.000000	8.322009	3485	74104160256.000000
281474976710655.000000	8.232770	3486	74105217024.000000
281474976710655.000000	8.152108	3487	74106241024.000000
281474976710655.000000	8.665008	3488	74107297792.000000
281474976710655.000000	9.813951	3489	74108329984.000000
281474976710655.000000	11.337623	3490	74109386752.000000
281474976710655.000000	9.325684	3491	74110410752.000000
281474976710655.000000	9.119518	3492	74111459328.000000
281474976710655.000000	8.692065	3493	74112499712.000000
281474976710655.000000	9.180522	3494	74113548288.000000
281474976710655.000000	9.101523	3495	74114588672.000000
281474976710655.000000	9.452579	3496	74115629056.000000
281474976710655.000000	9.635676	3497	74116669440.000000
281474976710655.000000	10.718397	3498	74117718016.000000
281474976710655.000000	10.105843	3499	74118750208.000000
281474976710655.000000	9.292075	3500	74119806976.000000
281474976710655.000000	9.951020	3501	74120830976.000000
281474976710655.000000	9.807843	3502	74121887744.000000
281474976710655.000000	11.660286	3503	74122911744.000000
281474976710655.000000	11.810440	3504	74123968512.000000
281474976710655.000000	10.001917	3505	74125000704.000000
281474976710655.000000	9.878827	3506	74126057472.000000
281474976710655.000000	9.918502	3507	74127089664.000000
281474976710655.000000	10.981452	3508	74128138240.000000
281474976710655.000000	10.919099	3509	74129170432.000000
281474976710655.000000	11.101905	3510	74130219008.000000
281474976710655.000000	10.762074	3511	74131259392.000000
281474976710655.000000	11.394140	3512	74132299776.000000
281474976710655.000000	12.103163	3513	74133340160.000000
281474976710655.000000	11.818215	3514	74134388736.000000
281474976710655.000000	11.731570	3515	74135420928.000000
281474976710655.000000	11.311852	3516	74136469504.000000
281474976710655.000000	12.246833	3517	74137501696.000000
281474976710655.000000	11.547990	3518	74138558464.000000
281474976710655.000000	12.540677	3519	74139582464.000000
281474976710655.000000	11.624547	3520	74140639232.000000
281474976710655.000000	12.247846	3521	74141671424.000000
281474976710655.000000	12.224532	3522	74142728192.000000
281474976710655.000000	12.707725	3523	74143752192.000000
281474976710655.000000	12.344632	3524	74144808960.000000
281474976710655.000000	12.543144	3525	74145832960.000000
281474976710655.000000	13.311588	3526	74146889728.000000
281474976710655.000000	13.503160	3527	74147921920.000000
281474976710655.000000	14.036551	3528	74148970496.000000
281474976710655.000000	13.789200	3529	74150002688.000000
281474976710655.000000	13.346435	3530	74151051264.000000
281474976710655.000000	12.639535	3531	74152091648.000000
281474976710655.000000	13.726860	3532	74153132032.000000
281474976710655.000000	12.058388	3533	74154172416.000000
281474976710655.000000	13.689517	3534	74155212800.000000
281474976710655.000000	12.053915	3535	74156253184.000000
281474976710655.000000	14.243654	3536	74157301760.000000
281474976710655.000000	12.892003	3537	74158333952.000000
281474976710655.000000	15.291578	3538	74159382528.000000
281474976710655.000000	12.412478	3539	74160414720.000000
281474976710655.000000	13.847021	3540	74161471488.000000
281474976710655.000000	12.674678	3541	74162495488.000000
281474976710655.000000	12.901677	3542	74163552256.000000
281474976710655.000000	12.457875	3543	74164576256.000000
281474976710655.000000	13.106256	3544	74165633024.000000
281474976710655.000000	12.902354	3545	74166665216.000000
281474976710655.000000	15.874113	3546	74167713792.000000
281474976710655.000000	13.899102	3547	74168745984.000000
281474976710655.000000	14.695483	3548	74169794560.000000
281474976710655.000000	13.331873	3549	74170834944.000000
281474976710655.000000	15.382404	3550	74171883520.000000
281474976710655.000000	13.540198	3551	74172915712.000000
281474976710655.000000	14.602061	3552	74173964288.000000
281474976710655.000000	13.137684	3553	74174996480.000000
281474976710655.000000	14.184209	3554	74176045056.000000
281474976710655.000000	13.962853	3555	74177085440.000000
281474976710655.000000	15.208430	3556	74178125824.000000
281474976710655.000000	14.279412	3557	74179166208.000000
281474976710655.000000	14.108965	3558	74180206592.000000
281474976710655.000000	13.851365	3559	74181246976.000000
281474976710655.000000	14.691319	3560	74182295552.000000
281474976710655.000000	14.324133	3561	74183327744.000000
281474976710655.000000	14.625679	3562	74184376320.000000
281474976710655.000000	13.881166	3563	74185408512.000000
281474976710655.000000	15.367913	3564	74186457088.000000
281474976710655.000000	13.707358	3565	74187497472.000000
281474976710655.000000	15.841729	3566	74188537856.000000
281474976710655.000000	14.073310	3567	74189578240.000000
281474976710655.000000	15.847050	3568	74190618624.000000
281474976710655.000000	15.573703	3569	74191659008.000000
281474976710655.000000	15.369745	3570	74192699392.000000
281474976710655.000000	15.519784	3571	74193739776.000000
281474976710655.000000	14.738876	3572	74194788352.000000
281474976710655.000000	15.253869	3573	74195820544.000000
281474976710655.000000	15.005232	3574	74196869120.000000
281474976710655.000000	15.310593	3575	74197901312.000000
281474976710655.000000	14.878046	3576	74198958080.000000
281474976710655.000000	15.398021	3577	74199982080.000000
281474976710655.000000	15.193224	3578	74201038848.000000
281474976710655.000000	16.720045	3579	74202062848.000000
281474976710655.000000	16.124813	3580	74203119616.000000
281474976710655.000000	16.955904	3581	74204151808.000000
281474976710655.000000	15.429769	3582	74205200384.000000
281474976710655.000000	16.033545	3583	74206232576.000000
281474976710655.000000	15.546278	3584	74207281152.000000
281474976710655.000000	16.961250	3585	74208313344.000000
281474976710655.000000	15.952417	3586	74209361920.000000
281474976710655.000000	16.801050	3587	74210394112.000000
281474976710655.000000	15.106401	3588	74211442688.000000
281474976710655.000000	16.973444	3589	74212483072.000000
281474976710655.000000	15.859555	3590	74213523456.000000
281474976710655.000000	17.230633	3591	74214563840.000000
281474976710655.000000	16.114492	3592	74215604224.000000
281474976710655.000000	17.341850	3593	74216644608.000000
281474976710655.000000	15.584858	3594	74217684992.000000
281474976710655.000000	17.413605	3595	74218725376.000000
281474976710655.000000	16.148069	3596	74219773952.000000
281474976710655.000000	18.044258	3597	74220806144.000000
281474976710655.000000	16.624472	3598	74221854720.000000
281474976710655.000000	18.075977	3599	74222895104.000000
281474976710655.000000	16.014427	3600	74223935488.000000
281474976710655.000000	17.307875	3601	74224975872.000000
281474976710655.000000	16.590883	3602	74226016256.000000
281474976710655.000000	18.174292	3603	74227056640.000000
281474976710655.000000	17.354677	3604	74228097024.000000
281474976710655.000000	18.417679	3605	74229137408.000000
281474976710655.000000	16.309267	3606	74230185984.000000
281474976710655.000000	18.135983	3607	74231218176.000000
281474976710655.000000	16.506296	3608	74232266752.000000
281474976710655.000000	17.572344	3609	74233298944.000000
281474976710655.000000	16.203945	3610	74234347520.000000
281474976710655.000000	17.226141	3611	74235379712.000000
281474976710655.000000	16.914068	3612	74236428288.000000
281474976710655.000000	17.982416	3613	74237460480.000000
281474976710655.000000	17.200672	3614	74238509056.000000
281474976710655.000000	17.546181	3615	74239541248.000000
281474976710655.000000	17.291862	3616	74240598016.000000
281474976710655.000000	18.105644	3617	74241622016.000000
281474976710655.000000	17.470480	3618	74242678784.000000
281474976710655.000000	18.408251	3619	74243702784.000000
281474976710655.000000	16.811277	3620	74244759552.000000
281474976710655.000000	17.782450	3621	74245791744.000000
281474976710655.000000	17.403160	3622	74246840320.000000
281474976710655.000000	18.254581	3623	74247872512.000000
281474976710655.000000	18.096848	3624	74248921088.000000
281474976710655.000000	17.816126	3625	74249953280.000000
281474976710655.000000	17.904171	3626	74251001856.000000
281474976710655.000000	18.163294	3627	74252042240.000000
281474976710655.000000	18.133211	3628	74253082624.000000
281474976710655.000000	17.581299	3629	74254123008.000000
281474976710655.000000	17.972055	3630	74255163392.000000
281474976710655.000000	17.146864	3631	74256203776.000000
281474976710655.000000	18.359434	3632	74257244160.000000
281474976710655.000000	18.042215	3633	74258284544.000000
281474976710655.000000	19.079550	3634	74259324928.000000
281474976710655.000000	17.287596	3635	74260365312.000000
281474976710655.000000	17.646135	3636	74261413888.000000
281474976710655.000000	17.314486	3637	74262446080.000000
281474976710655.000000	18.981695	3638	74263494656.000000
281474976710655.000000	17.263296	3639	74264526848.000000
281474976710655.000000	19.460955	3640	74265575424.000000
281474976710655.000000	17.739107	3641	74266607616.000000
281474976710655.000000	18.683483	3642	74267656192.000000
281474976710655.000000	17.451292	3643	74268696576.000000
281474976710655.000000	19.425261	3644	74269736960.000000
281474976710655.000000	17.747097	3645	74270777344.000000
281474976710655.000000	19.379868	3646	74271817728.000000
281474976710655.000000	18.310152	3647	74272858112.000000
281474976710655.000000	18.839579	3648	74273906688.000000
281474976710655.000000	19.094795	3649	74274938880.000000
281474976710655.000000	19.134897	3650	74275987456.000000
281474976710655.000000	18.512228	3651	74277011456.000000
281474976710655.000000	19.182463	3652	74278068224.000000
281474976710655.000000	19.665684	3653	74279092224.000000
281474976710655.000000	18.417711	3654	74280148992.000000
281474976710655.000000	18.484148	3655	74281181184.000000
281474976710655.000000	20.939264	3656	74282237952.000000
281474976710655.000000	18.078230	3657	74283261952.000000
281474976710655.000000	20.193823	3658	74284310528.000000
281474976710655.000000	19.127720	3659	74285342720.000000
281474976710655.000000	19.899601	3660	74286391296.000000
281474976710655.000000	19.435898	3661	74287423488.000000
281474976710655.000000	20.284069	3662	74288472064.000000
281474976710655.000000	19.388491	3663	74289512448.000000
281474976710655.000000	20.188595	3664	74290561024.000000
281474976710655.000000	18.804947	3665	74291593216.000000
281474976710655.000000	18.679373	3666	74292641792.000000
281474976710655.000000	18.878052	3667	74293673984.000000
281474976710655.000000	19.990095	3668	74294722560.000000
281474976710655.000000	19.262238	3669	74295754752.000000
281474976710655.000000	19.829054	3670	74296803328.000000
281474976710655.000000	18.191177	3671	74297835520.000000
281474976710655.000000	20.105511	3672	74298884096.000000
281474976710655.000000	19.087240	3673	74299916288.000000
281474976710655.000000	19.232748	3674	74300964864.000000
281474976710655.000000	19.480198	3675	74301997056.000000
281474976710655.000000	20.017542	3676	74303045632.000000
281474976710655.000000	20.110991	3677	74304086016.000000
281474976710655.000000	19.916260	3678	74305126400.000000
281474976710655.000000	20.219316	3679	74306166784.000000
281474976710655.000000	19.038937	3680	74307207168.000000
281474976710655.000000	18.986628	3681	74308247552.000000
281474976710655.000000	20.001343	3682	74309296128.000000
281474976710655.000000	19.023699	3683	74310328320.000000
281474976710655.000000	20.375376	3684	74311376896.000000
281474976710655.000000	18.709366	3685	74312409088.000000
281474976710655.000000	19.904202	3686	74313457664.000000
281474976710655.000000	18.344494	3687	74314489856.000000
281474976710655.000000	21.339556	3688	74315538432.000000
281474976710655.000000	18.636475	3689	74316570624.000000
281474976710655.000000	20.464334	3690	74317619200.000000
281474976710655.000000	18.478163	3691	74318651392.000000
281474976710655.000000	19.810307	3692	74319699968.000000
281474976710655.000000	18.393435	3693	74320732160.000000
281474976710655.000000	20.783255	3694	74321788928.000000
281474976710655.000000	17.740549	3695	74322812928.000000
281474976710655.000000	20.895052	3696	74323869696.000000
281474976710655.000000	18.697460	3697	74324893696.000000
281474976710655.000000	19.843924	3698	74325950464.000000
281474976710655.000000	19.083914	3699	74326982656.000000
281474976710655.000000	20.648836	3700	74328031232.000000
281474976710655.000000	18.892700	3701	74329063424.000000
281474976710655.000000	21.073687	3702	74330112000.000000
281474976710655.000000	18.239567	3703	74331144192.000000
281474976710655.000000	20.910477	3704	74332192768.000000
281474976710655.000000	19.178497	3705	74333224960.000000
281474976710655.000000	19.380424	3706	74334273536.000000
281474976710655.000000	18.793983	3707	74335305728.000000
281474976710655.000000	21.998852	3708	74336354304.000000
281474976710655.000000	19.827486	3709	74337386496.000000
281474976710655.000000	19.185116	3710	74338435072.000000
281474976710655.000000	19.310114	3711	74339467264.000000
281474976710655.000000	20.175917	3712	74340515840.000000
281474976710655.000000	19.654514	3713	74341556224.000000
281474976710655.000000	22.347618	3714	74342596608.000000
281474976710655.000000	19.603888	3715	74343636992.000000
281474976710655.000000	21.450407	3716	74344677376.000000
281474976710655.000000	19.291550	3717	74345717760.000000
281474976710655.000000	21.686380	3718	74346758144.000000
281474976710655.000000	19.915091	3719	74347798528.000000
281474976710655.000000	21.568907	3720	74348847104.000000
281474976710655.000000	18.200430	3721	74349879296.000000
281474976710655.000000	21.625952	3722	74350927872.000000
281474976710655.000000	20.170094	3723	74351951872.000000
281474976710655.000000	22.596106	3724	74353008640.000000
281474976710655.000000	21.264154	3725	74354040832.000000
281474976710655.000000	19.667652	3726	74355089408.000000
281474976710655.000000	21.413488	3727	74356121600.000000
281474976710655.000000	19.667654	3728	74357170176.000000
281474976710655.000000	21.531733	3729	74358202368.000000
281474976710655.000000	20.697960	3730	74359250944.000000
281474976710655.000000	21.091812	3731	74360283136.000000
281474976710655.000000	19.677979	3732	74361331712.000000
281474976710655.000000	19.236660	3733	74362363904.000000
281474976710655.000000	19.925642	3734	74363412480.000000
281474976710655.000000	20.418634	3735	74364444672.000000
281474976710655.000000	19.494514	3736	74365493248.000000
281474976710655.000000	20.942205	3737	74366533632.000000
281474976710655.000000	19.337807	3738	74367574016.000000
281474976710655.000000	20.224216	3739	74368614400.000000
281474976710655.000000	20.418228	3740	74369662976.000000
281474976710655.000000	20.035976	3741	74370695168.000000
281474976710655.000000	19.486399	3742	74371743744.000000
281474976710655.000000	19.502539	3743	74372775936.000000
281474976710655.000000	21.294641	3744	74373824512.000000
281474976710655.000000	18.896889	3745	74374856704.000000
281474976710655.000000	21.334618	3746	74375905280.000000
281474976710655.000000	21.396160	3747	74376937472.000000
281474976710655.000000	21.707392	3748	74377986048.000000
281474976710655.000000	20.241873	3749	74379018240.000000
281474976710655.000000	21.995609	3750	74380066816.000000
281474976710655.000000	19.921816	3751	74381099008.000000
281474976710655.000000	22.528471	3752	74382147584.000000
281474976710655.000000	20.060389	3753	74383179776.000000
281474976710655.000000	21.791143	3754	74384228352.000000
281474976710655.000000	21.810102	3755	74385260544.000000
281474976710655.000000	22.389162	3756	74386317312.000000
281474976710655.000000	20.736061	3757	74387341312.000000
281474976710655.000000	22.947731	3758	74388398080.000000
281474976710655.000000	21.438257	3759	74389422080.000000
281474976710655.000000	22.019650	3760	74390478848.000000
281474976710655.000000	20.915176	3761	74391502848.000000
281474976710655.000000	21.294317	3762	74392559616.000000
281474976710655.000000	21.424984	3763	74393583616.000000
281474976710655.000000	22.159456	3764	74394640384.000000
281474976710655.000000	20.368237	3765	74395672576.000000
281474976710655.000000	20.793722	3766	74396721152.000000
281474976710655.000000	20.049156	3767	74397753344.000000
281474976710655.000000	19.686779	3768	74398801920.000000
281474976710655.000000	21.139612	3769	74399834112.000000
281474976710655.000000	21.257961	3770	74400882688.000000
281474976710655.000000	21.301252	3771	74401914880.000000
281474976710655.000000	22.337173	3772	74402963456.000000
281474976710655.000000	21.527422	3773	74403995648.000000
281474976710655.000000	20.892908	3774	74405044224.000000
281474976710655.000000	19.697891	3775	74406084608.000000
281474976710655.000000	19.548231	3776	74407124992.000000
