time (s)	coil I (A)	last det (V)	int current (uC)
427565.943728	0.324717	123.242187	-290.136719
427565.945731	0.666780	123.242187	-290.136719
427565.947731	0.994376	123.242187	-290.136719
427565.949731	1.280384	123.242187	-290.136719
427565.951731	1.342593	123.242187	-290.136719
427565.953731	1.338289	14.721174	0.192210
427566.995774	0.906709	391.113281	48.242187
427566.997776	1.216422	391.113281	48.242187
427566.999776	1.343819	391.113281	48.242187
427567.001778	1.339640	14.736036	0.210224
427568.008292	0.355979	125.878906	-254.394531
427568.010295	0.696431	125.878906	-254.394531
427568.012296	1.022310	125.878906	-254.394531
427568.014295	1.295845	125.878906	-254.394531
427568.016294	1.341396	125.878906	-254.394531
427568.018297	1.337390	14.711293	0.199997
427569.090373	0.483680	368.164062	52.343750
427569.092375	0.819152	368.164062	52.343750
427569.094375	1.137233	368.164062	52.343750
427569.096375	1.336900	368.164062	52.343750
427569.098374	1.339708	368.164062	52.343750
427569.100375	1.336465	14.701110	0.179364
427570.108382	0.850895	118.164062	-300.195312
427570.110387	1.166366	118.164062	-300.195312
427570.112386	1.340702	118.164062	-300.195312
427570.114385	1.339118	14.730302	0.156269
427571.190423	0.963274	356.152344	53.515625
427571.192426	0.973508	356.152344	53.515625
427571.194425	1.342186	356.152344	53.515625
427571.196425	1.337805	14.715857	0.319973
427572.204467	0.673410	113.085937	-333.203125
427572.206466	1.000513	113.085937	-333.203125
427572.208467	1.283543	113.085937	-333.203125
427572.210466	1.341161	113.085937	-333.203125
427572.212468	1.337105	14.708156	0.144096
427573.252462	0.576049	370.019531	53.027344
427573.254464	0.908277	370.019531	53.027344
427573.256465	1.217621	370.019531	53.027344
427573.258465	1.343438	370.019531	53.027344
427573.260467	1.339271	14.731977	0.190430
427574.270526	0.948683	115.429687	-307.128906
427574.272529	1.249527	115.429687	-307.128906
427574.274531	1.342882	115.429687	-307.128906
427574.276531	1.338439	14.722832	0.286624
427575.348529	0.392751	357.421875	54.101562
427575.350532	0.731366	357.421875	54.101562
427575.352531	1.055365	357.421875	54.101562
427575.354532	1.311051	357.421875	54.101562
427575.356532	1.340049	357.421875	54.101562
427575.358532	1.336428	14.700711	0.198341
427576.366594	0.773544	114.941406	-308.984375
427576.368597	1.094872	114.941406	-308.984375
427576.370596	1.325396	114.941406	-308.984375
427576.372597	1.339555	114.941406	-308.984375
427576.376594	1.334056	14.674620	0.174638
427577.445546	0.367098	344.531250	55.468750
427577.447547	0.706871	344.531250	55.468750
427577.453544	1.340576	344.531250	55.468750
427577.455546	1.336795	344.531250	55.468750
427577.457545	1.334543	14.679973	0.171760
427578.465613	1.074642	108.105469	-353.906250
427578.467616	1.318751	108.105469	-353.906250
427578.469616	1.340076	108.105469	-353.906250
427578.471617	1.336549	14.702041	0.130017
427579.512210	0.754877	365.234375	53.906250
427579.514211	1.077496	365.234375	53.906250
427579.516211	1.319378	365.234375	53.906250
427579.518212	1.339369	365.234375	53.906250
427579.520212	1.335912	14.695030	0.186038
427580.528221	0.787491	109.472656	-350.195312
427580.530223	1.107749	109.472656	-350.195312
427580.532223	1.329255	109.472656	-350.195312
427580.534223	1.339364	109.472656	-350.195312
427580.536223	1.336025	14.696271	0.206243
427581.608290	0.574366	345.312500	55.566406
427581.610290	0.906643	345.312500	55.566406
427581.614290	1.342673	345.312500	55.566406
427581.616292	1.338402	345.312500	55.566406
427581.618292	1.335684	14.692522	0.168518
427582.624312	0.610700	108.203125	-358.007812
427582.626315	0.941029	108.203125	-358.007812
427582.628314	1.243653	108.203125	-358.007812
427582.632312	1.338235	108.203125	-358.007812
427582.634314	1.335764	14.693409	0.228398
427583.704857	0.476011	335.449219	56.445312
427583.706858	0.811464	335.449219	56.445312
427583.708857	1.129896	335.449219	56.445312
427583.710859	1.334748	335.449219	56.445312
427583.712859	1.339041	335.449219	56.445312
427583.714859	1.335905	14.694960	0.162220
427584.688889	0.643705	114.746094	-315.527344
427584.690890	0.972348	114.746094	-315.527344
427584.692891	1.265654	114.746094	-315.527344
427584.694891	1.341154	114.746094	-315.527344
427584.696893	1.336812	14.704929	0.192617
427585.768894	0.417143	347.851562	55.859375
427585.770895	0.754698	347.851562	55.859375
427585.772897	1.077301	347.851562	55.859375
427585.776893	1.339519	347.851562	55.859375
427585.778896	1.336064	347.851562	55.859375
427585.780896	1.333828	14.672113	0.178004
427586.786955	0.796007	109.472656	-357.421875
427586.788957	1.115557	109.472656	-357.421875
427586.790959	1.331058	109.472656	-357.421875
427586.792957	1.338817	109.472656	-357.421875
427586.794956	1.335495	14.690449	0.186903
427587.865561	0.330524	333.203125	57.421875
427587.867562	0.671951	333.203125	57.421875
427587.869564	0.999015	333.203125	57.421875
427587.871563	1.282623	333.203125	57.421875
427587.873564	1.341049	333.203125	57.421875
427587.875564	1.336923	14.706153	0.152034
427588.883546	0.702845	106.933594	-377.441406
427588.885547	1.028122	106.933594	-377.441406
427588.887548	1.298075	106.933594	-377.441406
427588.889549	1.339671	106.933594	-377.441406
427588.891548	1.335837	14.694206	0.620277
427589.933538	0.933878	347.753906	56.152344
427589.935541	1.238095	347.753906	56.152344
427589.937541	1.342251	347.753906	56.152344
427589.939540	1.337869	14.716557	0.239943
427590.984057	0.934676	101.464844	-415.917969
427590.988057	1.337157	101.464844	-415.917969
427590.990061	1.334594	14.680532	0.137600
427592.028584	0.585963	329.101562	57.812500
427592.030584	0.917605	329.101562	57.812500
427592.032584	1.225260	329.101562	57.812500
427592.034586	1.342956	329.101562	57.812500
427592.036584	1.338583	14.724419	0.171820
427593.044613	0.624544	108.789062	-378.515625
427593.046615	0.954070	108.789062	-378.515625
427593.048616	1.253221	108.789062	-378.515625
427593.050615	1.342333	108.789062	-378.515625
427593.052616	1.337878	14.716654	0.280317
427594.125608	0.565958	316.210937	59.765625
427594.127609	0.898402	316.210937	59.765625
427594.129612	1.209141	316.210937	59.765625
427594.131609	1.343448	316.210937	59.765625
427594.133611	1.339445	14.733900	0.131610
427595.141616	0.597636	101.953125	-429.199219
427595.143617	0.928624	101.953125	-429.199219
427595.145617	1.233932	101.953125	-429.199219
427595.147617	1.342357	101.953125	-429.199219
427595.149617	1.342250	14.764750	0.149831
427596.191603	0.834016	330.078125	59.179687
427596.193607	1.150561	330.078125	59.179687
427596.195605	1.338347	330.078125	59.179687
427596.197606	1.338789	330.078125	59.179687
427596.199607	1.335719	14.692904	0.193513
427597.237624	0.405462	103.027344	-432.812500
427597.239625	0.743314	103.027344	-432.812500
427597.241625	1.066430	103.027344	-432.812500
427597.243626	1.316243	103.027344	-432.812500
427597.245625	1.341366	103.027344	-432.812500
427597.247626	1.337710	14.714811	0.147925
427598.285663	0.311199	319.531250	59.082031
427598.287666	0.653340	319.531250	59.082031
427598.289669	0.981266	319.531250	59.082031
427598.291667	1.271416	319.531250	59.082031
427598.293672	1.339988	319.531250	59.082031
427598.295673	1.335933	14.695261	0.163309
427599.306225	1.099531	106.250000	-418.261719
427599.308227	1.326417	106.250000	-418.261719
427599.310228	1.338878	106.250000	-418.261719
427599.312228	1.335601	14.691609	0.136026
427600.350242	0.344904	326.464844	57.812500
427600.352246	0.685428	326.464844	57.812500
427600.354252	1.012280	326.464844	57.812500
427600.356257	1.290555	326.464844	57.812500
427600.358256	1.340009	326.464844	57.812500
427600.360256	1.336087	14.696962	0.172109
427601.400272	0.593964	105.371094	-436.621094
427601.402272	0.925041	105.371094	-436.621094
427601.404273	1.231165	105.371094	-436.621094
427601.406274	1.342880	105.371094	-436.621094
427601.408272	1.338386	14.722246	0.144478
427602.448293	0.500213	315.039062	58.300781
427602.450295	0.834668	315.039062	58.300781
427602.452297	1.151217	315.039062	58.300781
427602.454295	1.337870	315.039062	58.300781
427602.456296	1.338031	315.039062	58.300781
427602.458298	1.335047	14.685521	0.157273
427603.468354	1.186402	117.773437	-382.226562
427603.470357	1.340834	117.773437	-382.226562
427603.472357	1.337524	14.712763	0.179883
427604.511302	0.261510	332.226562	55.859375
427604.513303	0.606153	332.226562	55.859375
427604.515302	0.936624	332.226562	55.859375
427604.517302	1.240464	332.226562	55.859375
427604.521301	1.340066	332.226562	55.859375
427604.523303	1.337283	14.710114	0.180117
427605.561887	2.367986	109.570312	-432.226562
427605.563889	0.938247	109.570312	-432.226562
427605.565888	1.241472	109.570312	-432.226562
427605.567889	1.342759	109.570312	-432.226562
427605.569891	1.338324	14.721565	0.209158
427606.609959	0.523209	314.746094	56.152344
427606.611962	0.856909	314.746094	56.152344
427606.613962	1.171708	314.746094	56.152344
427606.615962	1.340105	314.746094	56.152344
427606.617963	1.337874	14.716611	0.151533
427607.659951	0.760383	107.128906	-445.898437
427607.661953	1.082524	107.128906	-445.898437
427607.663954	1.320722	107.128906	-445.898437
427607.665952	1.338887	107.128906	-445.898437
427607.667953	1.335539	14.690928	0.139654
427608.706513	0.420934	311.035156	54.589844
427608.708516	0.758146	311.035156	54.589844
427608.710514	1.080360	311.035156	54.589844
427608.712515	1.319877	311.035156	54.589844
427608.716513	1.335322	311.035156	54.589844
427608.718516	1.333089	14.663977	0.131302
427609.722539	0.458230	112.402344	-427.343750
427609.724540	0.472304	112.402344	-427.343750
427609.726540	1.113543	112.402344	-427.343750
427609.728541	1.331146	112.402344	-427.343750
427609.730539	1.339704	112.402344	-427.343750
427609.732539	1.336409	14.700499	0.181747
427610.771463	0.517744	324.023437	52.832031
427610.773466	0.851550	324.023437	52.832031
427610.775467	1.166758	324.023437	52.832031
427610.777470	1.339148	324.023437	52.832031
427610.779471	1.337339	14.710726	0.166839
427611.819502	0.426306	98.828125	-477.636719
427611.821504	0.763326	98.828125	-477.636719
427611.823504	1.085261	98.828125	-477.636719
427611.825504	1.321339	98.828125	-477.636719
427611.827503	1.338292	98.828125	-477.636719
427611.831503	1.332725	14.659980	0.144650
427612.867513	0.327905	311.425781	51.660156
427612.869514	0.669284	311.425781	51.660156
427612.871515	0.996288	311.425781	51.660156
427612.873514	1.280797	311.425781	51.660156
427612.875515	1.340660	311.425781	51.660156
427612.879515	1.334133	14.675462	0.139389
427613.883573	0.372108	107.031250	-444.531250
427613.887573	1.035866	107.031250	-444.531250
427613.889574	1.301473	107.031250	-444.531250
427613.891577	1.338766	107.031250	-444.531250
427613.893578	1.335115	14.686266	0.172362
427614.964584	0.312070	303.515625	52.539062
427614.966585	0.325907	303.515625	52.539062
427614.968585	0.981907	303.515625	52.539062
427614.970585	1.271750	303.515625	52.539062
427614.972586	1.275445	303.515625	52.539062
427614.974586	1.336299	14.699293	0.129786
427615.982572	0.686477	95.800781	-479.687500
427615.984574	1.012514	95.800781	-479.687500
427615.986576	1.289893	95.800781	-479.687500
427615.988574	1.340000	95.800781	-479.687500
427615.990574	1.336106	14.697166	0.139806
427617.031153	0.355958	319.335937	51.855469
427617.033157	1.012729	319.335937	51.855469
427617.035155	1.290140	319.335937	51.855469
427617.037157	1.340199	319.335937	51.855469
427617.039156	1.340002	14.740024	0.158152
427618.045237	0.394423	99.511719	-459.960937
427618.047238	0.732539	99.511719	-459.960937
427618.051237	1.310463	99.511719	-459.960937
427618.053238	1.338505	99.511719	-459.960937
427618.055240	1.335030	14.685335	0.171462
427619.126210	0.329456	305.761719	53.808594
427619.128212	0.670631	305.761719	53.808594
427619.130212	0.997616	305.761719	53.808594
427619.132213	1.281298	305.761719	53.808594
427619.134212	1.339911	305.761719	53.808594
427619.136211	1.335895	14.694844	0.145559
427620.144223	0.703954	91.894531	-486.132812
427620.146227	1.028943	91.894531	-486.132812
427620.148225	1.298313	91.894531	-486.132812
427620.150225	1.339365	91.894531	-486.132812
427620.152225	1.335573	14.691308	0.614578
427621.225185	0.639316	297.363281	55.859375
427621.227189	0.967895	297.363281	55.859375
427621.229188	1.263008	297.363281	55.859375
427621.231187	1.342902	297.363281	55.859375
427621.233188	1.338548	14.724028	0.305230
427622.207182	0.464841	93.261719	-479.394531
427622.209186	0.800311	93.261719	-479.394531
427622.211184	1.119351	93.261719	-479.394531
427622.213185	1.331589	93.261719	-479.394531
427622.215185	1.338172	93.261719	-479.394531
427622.217183	1.335007	14.685078	0.174685
427623.291216	0.911758	302.734375	55.468750
427623.293217	1.220099	302.734375	55.468750
427623.295218	1.341791	302.734375	55.468750
427623.297218	1.337525	14.712772	0.145960
427624.305259	0.621689	86.230469	-503.515625
427624.307262	0.951157	86.230469	-503.515625
427624.309262	1.250890	86.230469	-503.515625
427624.311262	1.342031	86.230469	-503.515625
427624.313262	1.337566	14.713224	0.154291
427625.387279	0.734846	297.363281	56.738281
427625.391279	1.311663	297.363281	56.738281
427625.393281	1.338848	297.363281	56.738281
427625.395282	1.335372	14.689093	0.131375
427626.405306	1.091348	79.882812	-523.046875
427626.407309	1.323239	79.882812	-523.046875
427626.409309	1.338129	79.882812	-523.046875
427626.413307	1.332483	14.657312	0.124588
427627.449303	0.328851	306.738281	56.250000
427627.451304	0.669906	306.738281	56.250000
427627.453304	0.996797	306.738281	56.250000
427627.455304	1.280741	306.738281	56.250000
427627.457303	1.339822	306.738281	56.250000
427627.459305	1.335832	14.694153	0.163872
427628.465315	0.367115	92.773437	-481.250000
427628.467317	0.706307	92.773437	-481.250000
427628.469318	1.031184	92.773437	-481.250000
427628.471317	1.299286	92.773437	-481.250000
427628.473317	1.339002	92.773437	-481.250000
427628.475317	1.335264	14.687905	0.155646
427629.547295	0.476091	298.632812	56.054687
427629.549297	0.811187	298.632812	56.054687
427629.551296	1.129355	298.632812	56.054687
427629.553296	1.333533	298.632812	56.054687
427629.555297	1.337702	298.632812	56.054687
427629.557297	1.334613	14.680744	0.125279
427630.565298	0.843438	86.816406	-503.320312
427630.567307	0.862912	86.816406	-503.320312
427630.569309	1.338484	86.816406	-503.320312
427630.571310	1.337238	86.816406	-503.320312
427630.573310	1.334343	14.677775	0.125778
427631.612231	0.567762	308.593750	55.175781
427631.614234	0.899815	308.593750	55.175781
427631.616231	1.209958	308.593750	55.175781
427631.618231	1.341233	308.593750	55.175781
427631.620232	1.337177	14.708944	0.171678
427632.628323	0.617218	94.335937	-480.468750
427632.630324	0.946901	94.335937	-480.468750
427632.632327	1.247517	94.335937	-480.468750
427632.634324	1.341050	94.335937	-480.468750
427632.636323	1.336698	14.703680	0.166975
427633.708966	0.498116	295.117187	55.468750
427633.710968	0.832477	295.117187	55.468750
427633.712968	1.149016	295.117187	55.468750
427633.714968	1.336782	295.117187	55.468750
427633.716968	1.337272	295.117187	55.468750
427633.718967	1.334193	14.676126	0.139358
427634.727004	0.870086	91.308594	-493.457031
427634.729007	1.183728	91.308594	-493.457031
427634.731006	1.340389	91.308594	-493.457031
427634.733007	1.340573	14.746307	0.128633
427635.805028	0.310919	284.765625	55.566406
427635.807031	0.652848	284.765625	55.566406
427635.809030	0.980607	284.765625	55.566406
427635.811031	1.270639	284.765625	55.566406
427635.813031	1.339755	284.765625	55.566406
427635.815030	1.335634	14.691973	0.116521
427636.823095	0.696784	88.183594	-505.859375
427636.825097	1.022132	88.183594	-505.859375
427636.827099	1.294755	88.183594	-505.859375
427636.829098	1.339200	88.183594	-505.859375
427636.831097	1.335407	14.689483	0.116346
427637.870114	0.433354	288.378906	55.664062
427637.872116	0.769959	288.378906	55.664062
427637.874116	1.091285	288.378906	55.664062
427637.876115	1.323048	288.378906	55.664062
427637.878115	1.337775	288.378906	55.664062
427637.882114	1.332065	14.652714	0.126611
427638.890137	1.123860	99.316406	-479.296875
427638.892137	1.332365	99.316406	-479.296875
427638.894139	1.337614	99.316406	-479.296875
427638.896138	1.334471	14.679175	0.164183
427639.966678	0.329177	276.074219	56.347656
427639.968679	0.670151	276.074219	56.347656
427639.970680	0.996983	276.074219	56.347656
427639.972678	1.280653	276.074219	56.347656
427639.974679	1.339510	276.074219	56.347656
427639.976678	1.335586	14.691442	0.112641
427640.984722	0.711960	96.289062	-492.285156
427640.986724	1.036469	96.289062	-492.285156
427640.988724	1.301964	96.289062	-492.285156
427640.990723	1.305869	96.289062	-492.285156
427640.992722	1.335468	14.690147	0.147050
427642.035300	1.035907	289.648437	58.203125
427642.037303	1.301249	289.648437	58.203125
427642.039303	1.338247	289.648437	58.203125
427642.041303	1.334696	14.681657	0.132995
427643.081841	0.705817	94.042969	-497.656250
427643.083842	1.030635	94.042969	-497.656250
427643.085844	1.298741	94.042969	-497.656250
427643.087843	1.338313	94.042969	-497.656250
427643.089844	1.334617	14.680788	0.114207
427644.095910	0.412185	289.648437	60.058594
427644.099910	1.071903	289.648437	60.058594
427644.101912	1.316291	289.648437	60.058594
427644.103911	1.337713	289.648437	60.058594
427644.105913	1.334310	14.677412	0.170774
427645.143914	0.310193	98.339844	-487.402344
427645.145917	0.652156	98.339844	-487.402344
427645.147915	0.979868	98.339844	-487.402344
427645.149915	1.270064	98.339844	-487.402344
427645.151914	1.339566	98.339844	-487.402344
427645.155915	1.332871	14.661585	0.150035
427646.195890	0.882946	275.390625	62.109375
427646.197890	1.195169	275.390625	62.109375
427646.199892	1.340283	275.390625	62.109375
427646.201892	1.336673	14.703405	0.126162
427647.241910	0.458328	94.433594	-497.265625
427647.243913	0.793972	94.433594	-497.265625
427647.245913	1.113353	94.433594	-497.265625
427647.247913	1.329317	94.433594	-497.265625
427647.249913	1.337231	94.433594	-497.265625
427647.251913	1.334009	14.674098	0.115020
427648.289939	0.363545	265.234375	63.476562
427648.293939	1.027850	265.234375	63.476562
427648.295942	1.297206	265.234375	63.476562
427648.297941	1.338207	265.234375	63.476562
427648.299942	1.334582	14.680399	0.111766
427649.307942	0.735475	104.296875	-468.066406
427649.309944	1.058684	104.296875	-468.066406
427649.311945	1.311202	104.296875	-468.066406
427649.313943	1.337861	104.296875	-468.066406
427649.315944	1.334408	14.678485	0.161150
427650.356505	0.734565	268.750000	65.234375
427650.358507	1.057904	268.750000	65.234375
427650.360508	1.311396	268.750000	65.234375
427650.362506	1.338767	268.750000	65.234375
427650.366507	1.332955	14.662506	0.151002
427651.402515	0.297282	92.480469	-500.292969
427651.404516	0.639854	92.480469	-500.292969
427651.408515	1.263041	92.480469	-500.292969
427651.410518	1.342223	92.480469	-500.292969
427651.412517	1.337925	14.717177	0.129330
427652.452569	0.551796	264.648437	66.210937
427652.454571	0.884224	264.648437	66.210937
427652.456571	1.196302	264.648437	66.210937
427652.458571	1.341853	264.648437	66.210937
427652.460572	1.338095	14.719048	0.121826
427653.500655	0.469177	86.621094	-515.039062
427653.502656	0.804443	86.621094	-515.039062
427653.504657	1.122973	86.621094	-515.039062
427653.506657	1.331363	86.621094	-515.039062
427653.508658	1.332396	86.621094	-515.039062
427653.510656	1.333609	14.669702	0.107920
427654.518720	0.843450	278.417969	66.992187
427654.520725	1.159040	278.417969	66.992187
427654.522731	1.338510	278.417969	66.992187
427654.524730	1.337394	278.417969	66.992187
427654.526730	1.334411	14.678520	0.143630
427655.567345	0.853328	93.359375	-495.898437
427655.569345	1.168260	93.359375	-495.898437
427655.571345	1.340019	93.359375	-495.898437
427655.573345	1.338147	14.719615	0.120032
427656.615913	0.853743	267.089844	68.457031
427656.617916	1.168587	267.089844	68.457031
427656.619918	1.339957	267.089844	68.457031
427656.621918	1.337935	14.717283	0.126735
427657.664872	1.002895	81.152344	-525.390625
427657.666875	1.222852	81.152344	-525.390625
427657.668873	1.341420	81.152344	-525.390625
427657.670874	1.337157	14.708723	0.104387
427658.710906	0.493002	253.906250	68.554687
427658.712910	0.508306	253.906250	68.554687
427658.714909	1.144147	253.906250	68.554687
427658.716910	1.336517	253.906250	68.554687
427658.718909	1.337863	253.906250	68.554687
427658.720911	1.334841	14.683252	0.114571
427659.728961	0.866275	92.773437	-496.484375
427659.730964	1.180046	92.773437	-496.484375
427659.734962	1.336636	92.773437	-496.484375
427659.736965	1.333814	14.671953	0.108384
427660.777497	0.860566	265.820312	68.847656
427660.779498	1.174827	265.820312	68.847656
427660.781498	1.339421	265.820312	68.847656
427660.783498	1.336897	14.705869	0.118868
427661.824095	0.530850	83.203125	-520.605469
427661.826097	0.864028	83.203125	-520.605469
427661.828098	1.178029	83.203125	-520.605469
427661.830098	1.340347	83.203125	-520.605469
427661.832098	1.337564	14.713206	0.095847
427662.872121	0.438724	253.320312	69.726562
427662.874122	0.775026	253.320312	69.726562
427662.876123	1.095756	253.320312	69.726562
427662.878121	1.324361	253.320312	69.726562
427662.880123	1.337597	253.320312	69.726562
427662.882122	1.334334	14.677678	0.113631
427663.888154	0.476985	94.628906	-490.429687
427663.890155	0.811824	94.628906	-490.429687
427663.892155	1.129747	94.628906	-490.429687
427663.894156	1.332836	94.628906	-490.429687
427663.896154	1.336630	94.628906	-490.429687
427663.898155	1.333520	14.668718	0.131444
427664.938208	0.725546	267.578125	69.824219
427664.940207	1.049099	267.578125	69.824219
427664.942209	1.307041	267.578125	69.824219
427664.946207	1.334230	267.578125	69.824219
427664.948209	1.331889	14.650781	0.143200
427665.984785	0.387288	86.914062	-511.230469
427665.988784	1.049147	86.914062	-511.230469
427665.990787	1.059871	86.914062	-511.230469
427665.992787	1.337705	86.914062	-511.230469
427665.994787	1.334197	14.676171	0.114506
427667.033329	0.381019	248.242187	70.117187
427667.035332	0.719471	248.242187	70.117187
427667.037332	1.043486	248.242187	70.117187
427667.039333	1.304758	248.242187	70.117187
427667.041333	1.338328	248.242187	70.117187
427667.043332	1.334778	14.682562	0.114759
427668.049368	0.422434	96.289062	-487.500000
427668.051371	0.759214	96.289062	-487.500000
427668.053372	1.081061	96.289062	-487.500000
427668.055372	1.319450	96.289062	-487.500000
427668.057372	1.337692	96.289062	-487.500000
427668.059371	1.334326	14.677589	0.129352
427669.099388	0.664367	266.210937	70.019531
427669.101389	0.991354	266.210937	70.019531
427669.103391	1.277113	266.210937	70.019531
427669.105390	1.339113	266.210937	70.019531
427669.107390	1.335090	14.685990	0.443438
427670.146289	0.379761	90.234375	-504.589844
427670.148290	0.718257	90.234375	-504.589844
427670.150289	0.728635	90.234375	-504.589844
427670.152290	1.304053	90.234375	-504.589844
427670.154290	1.337975	90.234375	-504.589844
427670.156290	1.334446	14.678902	0.118880
427671.194283	0.277874	255.468750	69.628906
427671.196284	0.621335	255.468750	69.628906
427671.198284	0.950589	255.468750	69.628906
427671.200284	1.250205	255.468750	69.628906
427671.202286	1.340909	255.468750	69.628906
427671.204285	1.336477	14.701251	0.123750
427672.244839	0.617680	83.398437	-518.847656
427672.246842	0.947084	83.398437	-518.847656
427672.248841	1.247350	83.398437	-518.847656
427672.250842	1.340078	83.398437	-518.847656
427672.252841	1.335871	14.694578	0.101899
427673.259397	0.406545	256.152344	68.847656
427673.261397	0.743856	256.152344	68.847656
427673.263397	1.066515	256.152344	68.847656
427673.265399	1.314032	256.152344	68.847656
427673.267396	1.337511	256.152344	68.847656
427673.269397	1.334159	14.675755	0.136091
427674.309472	0.659516	91.406250	-501.757812
427674.311473	0.986710	91.406250	-501.757812
427674.313473	1.274175	91.406250	-501.757812
427674.315473	1.338994	91.406250	-501.757812
427674.317474	1.334929	14.684219	0.113027
427675.358021	0.653723	255.761719	68.945312
427675.360023	0.981300	255.761719	68.945312
427675.362022	1.270874	255.761719	68.945312
427675.364022	1.339131	255.761719	68.945312
427675.366022	1.338994	14.728930	0.367013
427676.406035	0.558701	80.371094	-523.046875
427676.408036	0.890886	80.371094	-523.046875
427676.410037	1.202077	80.371094	-523.046875
427676.412037	1.341304	80.371094	-523.046875
427676.414036	1.337423	14.711657	0.098948
427677.422058	0.596000	257.519531	68.164062
427677.424060	0.926539	257.519531	68.164062
427677.426060	1.231883	257.519531	68.164062
427677.428060	1.341426	257.519531	68.164062
427677.430061	1.337027	14.707296	0.147626
427678.470042	0.497233	90.527344	-502.539062
427678.472042	0.510500	90.527344	-502.539062
427678.474043	1.147731	90.527344	-502.539062
427678.476045	1.335934	90.527344	-502.539062
427678.478046	1.336511	90.527344	-502.539062
427678.480045	1.333411	14.667522	0.130736
427679.518075	0.404758	257.031250	66.699219
427679.520078	0.742277	257.031250	66.699219
427679.522077	1.065019	257.031250	66.699219
427679.524077	1.313444	257.031250	66.699219
427679.526077	1.337443	257.031250	66.699219
427679.528078	1.334044	14.674479	0.119590
427680.567019	0.467978	87.792969	-508.886719
427680.569021	0.803068	87.792969	-508.886719
427680.571021	1.121639	87.792969	-508.886719
427680.573021	1.331099	87.792969	-508.886719
427680.575021	1.336818	87.792969	-508.886719
427680.577021	1.333679	14.670465	0.107993
427681.615913	0.521009	244.433594	66.113281
427681.617912	0.854322	244.433594	66.113281
427681.619912	1.169011	244.433594	66.113281
427681.621913	1.339364	244.433594	66.113281
427681.623911	1.337281	14.710087	0.092298
427682.633895	0.881646	94.824219	-493.164062
427682.635897	1.193848	94.824219	-493.164062
427682.637898	1.340451	94.824219	-493.164062
427682.639896	1.336883	14.705709	0.137711
427683.682850	0.943014	256.738281	65.039062
427683.684850	0.954191	256.738281	65.039062
427683.686852	1.342842	256.738281	65.039062
427683.688850	1.338318	14.721502	0.206083
427684.731406	0.941488	84.570312	-511.523437
427684.733409	1.243385	84.570312	-511.523437
427684.735407	1.341162	84.570312	-511.523437
427684.737409	1.336694	14.703635	0.175210
427685.778324	0.669390	250.976562	63.574219
427685.780325	0.996018	250.976562	63.574219
427685.782325	1.279666	250.976562	63.574219
427685.784324	1.338327	250.976562	63.574219
427685.786325	1.334445	14.678892	0.093807
427686.794851	0.788543	82.421875	-512.890625
427686.796853	1.108188	82.421875	-512.890625
427686.798854	1.115495	82.421875	-512.890625
427686.800854	1.337028	82.421875	-512.890625
427686.802852	1.333838	14.672219	0.138294
427687.840895	0.360378	258.984375	62.402344
427687.842897	0.699634	258.984375	62.402344
427687.844898	1.024644	258.984375	62.402344
427687.848903	1.338339	258.984375	62.402344
427687.850905	1.334642	258.984375	62.402344
427687.854904	1.330503	14.635529	0.134714
427688.890894	0.602019	75.878906	-522.753906
427688.892895	0.932257	75.878906	-522.753906
427688.894896	1.236408	75.878906	-522.753906
427688.896896	1.342429	75.878906	-522.753906
427688.898896	1.337986	14.717842	0.149640
427689.938911	0.508644	254.589844	61.328125
427689.940913	0.842367	254.589844	61.328125
427689.942919	1.157966	254.589844	61.328125
427689.944924	1.337430	254.589844	61.328125
427689.946922	1.336404	14.700445	0.111652
427690.956933	0.875441	75.781250	-520.703125
427690.958934	1.188273	75.781250	-520.703125
427690.960935	1.339778	75.781250	-520.703125
427690.962934	1.336514	14.701659	0.122926
427692.034936	0.313687	245.996094	62.011719
427692.036937	0.655182	245.996094	62.011719
427692.040936	1.271439	245.996094	62.011719
427692.042940	1.338616	245.996094	62.011719
427692.044938	1.334589	14.680479	0.092227
427693.052943	0.689515	72.851562	-525.000000
427693.056943	1.290393	72.851562	-525.000000
427693.058946	1.338008	72.851562	-525.000000
427693.060943	1.334247	14.676712	0.103168
427694.100913	0.587058	262.695312	62.207031
427694.102916	0.918067	262.695312	62.207031
427694.104915	1.224923	262.695312	62.207031
427694.106915	1.340184	262.695312	62.207031
427694.108914	1.335883	14.694712	0.118341
427695.117836	0.773061	79.003906	-514.257812
427695.119839	1.093822	79.003906	-514.257812
427695.121839	1.322941	79.003906	-514.257812
427695.123838	1.336471	79.003906	-514.257812
427695.125839	1.333157	14.664730	0.130189
427696.198363	0.635343	247.753906	63.378906
427696.200365	0.963877	247.753906	63.378906
427696.202365	1.259732	247.753906	63.378906
427696.204365	1.341328	247.753906	63.378906
427696.206365	1.336991	14.706905	0.286091
427697.212374	0.331182	61.230469	-539.062500
427697.214377	0.671822	61.230469	-539.062500
427697.216378	0.998591	61.230469	-539.062500
427697.218378	1.281520	61.230469	-539.062500
427697.220379	1.338721	61.230469	-539.062500
427697.222382	1.334817	14.682986	0.098329
427698.262420	0.583169	260.937500	63.769531
427698.264421	0.914286	260.937500	63.769531
427698.266422	1.221686	260.937500	63.769531
427698.270419	1.339457	260.937500	63.769531
427698.274420	1.330636	14.636992	0.123865
427699.278993	0.712491	78.613281	-515.039062
427699.280995	1.036711	78.613281	-515.039062
427699.282996	1.301411	78.613281	-515.039062
427699.284995	1.337878	78.613281	-515.039062
427699.286995	1.334268	14.676951	0.125769
427700.358977	0.483546	248.535156	64.453125
427700.360977	0.818131	248.535156	64.453125
427700.362977	1.135476	248.535156	64.453125
427700.364978	1.333673	248.535156	64.453125
427700.366978	1.336337	248.535156	64.453125
427700.368978	1.333166	14.664827	0.095331
427701.375025	0.521757	67.968750	-531.738281
427701.377024	0.854983	67.968750	-531.738281
427701.379025	1.169574	67.968750	-531.738281
427701.381026	1.338915	67.968750	-531.738281
427701.385024	1.333880	14.672680	0.108394
427702.423617	0.524809	261.328125	64.648437
427702.427616	1.172269	261.328125	64.648437
427702.429619	1.338281	261.328125	64.648437
427702.431621	1.335976	14.695731	0.142792
427703.440182	0.650616	70.312500	-527.734375
427703.442183	0.978196	70.312500	-527.734375
427703.444183	1.268460	70.312500	-527.734375
427703.446184	1.338384	70.312500	-527.734375
427703.448184	1.334355	14.677909	0.130543
427704.520242	1.302756	246.679687	65.527344
427704.522243	0.772455	246.679687	65.527344
427704.524242	1.093326	246.679687	65.527344
427704.526243	1.323486	246.679687	65.527344
427704.528243	1.337486	246.679687	65.527344
427704.530242	1.334253	14.676783	0.110162
427705.538279	0.809124	68.750000	-528.906250
427705.540284	1.127138	68.750000	-528.906250
427705.542286	1.331894	68.750000	-528.906250
427705.544285	1.336299	68.750000	-528.906250
427705.546285	1.333053	14.663587	0.100548
427706.616847	0.339371	238.574219	65.332031
427706.618848	0.679590	238.574219	65.332031
427706.620850	1.005669	238.574219	65.332031
427706.622849	1.285357	238.574219	65.332031
427706.624849	1.338376	238.574219	65.332031
427706.626850	1.334479	14.679273	0.084898
427707.632892	0.382707	57.324219	-540.429687
427707.634894	0.720978	57.324219	-540.429687
427707.636896	1.044767	57.324219	-540.429687
427707.638894	1.304975	57.324219	-540.429687
427707.640894	1.337420	57.324219	-540.429687
427707.642896	1.333924	14.673167	0.082955
427708.680892	0.278844	248.730469	65.527344
427708.682893	0.622056	248.730469	65.527344
427708.684894	0.951190	248.730469	65.527344
427708.686893	1.250420	248.730469	65.527344
427708.688895	1.340378	248.730469	65.527344
427708.690892	1.336016	14.696174	0.112503
427709.698942	0.664934	74.218750	-517.968750
427709.700944	0.991723	74.218750	-517.968750
427709.702945	1.277073	74.218750	-517.968750
427709.704945	1.338336	74.218750	-517.968750
427709.706943	1.334326	14.677581	0.116896
427710.779525	0.535997	236.621094	65.429687
427710.781526	0.868892	236.621094	65.429687
427710.783525	1.182408	236.621094	65.429687
427710.785525	1.340130	236.621094	65.429687
427710.787526	1.337078	14.707853	0.087743
427711.795614	0.582784	68.750000	-522.949219
427711.797617	0.913901	68.750000	-522.949219
427711.799616	1.221316	68.750000	-522.949219
427711.801616	1.339504	68.750000	-522.949219
427711.803616	1.335308	14.688383	0.089440
427712.846500	0.964593	247.851562	64.550781
427712.848504	1.259787	247.851562	64.550781
427712.850502	1.339931	247.851562	64.550781
427712.852502	1.335771	14.693480	0.105708
427713.859082	0.428708	73.339844	-516.406250
427713.861083	0.765034	73.339844	-516.406250
427713.863083	1.086405	73.339844	-516.406250
427713.865083	1.321022	73.339844	-516.406250
427713.867082	1.337335	73.339844	-516.406250
427713.869084	1.334031	14.674337	0.126563
427714.907131	0.337746	252.343750	65.234375
427714.909134	0.678016	252.343750	65.234375
427714.911134	1.004045	252.343750	65.234375
427714.913133	1.284339	252.343750	65.234375
427714.915134	1.338224	252.343750	65.234375
427714.917135	1.334351	14.677864	0.135744
427715.957166	0.585723	68.066406	-521.972656
427715.959168	0.916772	68.066406	-521.972656
427715.961169	1.223635	68.066406	-521.972656
427715.963168	1.339516	68.066406	-521.972656
427715.965168	1.335383	14.689208	0.105547
427717.009247	1.151681	242.675781	65.820312
427717.011244	1.337222	242.675781	65.820312
427717.013243	1.338077	242.675781	65.820312
427717.015243	1.334288	14.677164	0.107579
427718.053814	0.501523	68.066406	-520.800781
427718.055816	0.835346	68.066406	-520.800781
427718.057823	1.151357	68.066406	-520.800781
427718.059822	1.337338	68.066406	-520.800781
427718.061821	1.337334	68.066406	-520.800781
427718.063822	1.334331	14.677643	0.095031
427719.101864	0.412341	229.589844	66.601562
427719.103866	0.749359	229.589844	66.601562
427719.105865	1.071682	229.589844	66.601562
427719.107867	1.315679	229.589844	66.601562
427719.109865	1.336917	229.589844	66.601562
427719.111869	1.333427	14.667699	0.081912
427720.117889	0.450033	78.710937	-507.714844
427720.119889	0.785661	78.710937	-507.714844
427720.121890	1.105415	78.710937	-507.714844
427720.123892	1.326706	78.710937	-507.714844
427720.125891	1.336622	78.710937	-507.714844
427720.127892	1.333382	14.667204	0.113083
427721.165942	0.359035	234.863281	68.164062
427721.167944	0.698265	234.863281	68.164062
427721.169946	1.023235	234.863281	68.164062
427721.171944	1.294615	234.863281	68.164062
427721.173945	1.337821	234.863281	68.164062
427721.175945	1.334132	14.675454	0.099328
427722.215961	0.603084	72.753906	-516.699219
427722.217964	0.933226	72.753906	-516.699219
427722.219963	1.236913	72.753906	-516.699219
427722.221964	1.340552	72.753906	-516.699219
427722.223965	1.336205	14.698256	0.128883
427723.265997	0.846564	226.074219	69.042969
427723.268006	1.161748	226.074219	69.042969
427723.270008	1.338172	226.074219	69.042969
427723.272007	1.336601	14.702607	0.077428
427724.280554	0.639642	80.078125	-508.203125
427724.282556	0.967785	80.078125	-508.203125
427724.284557	1.261618	80.078125	-508.203125
427724.286556	1.338513	80.078125	-508.203125
427724.288555	1.334393	14.678325	0.326172
427725.328579	0.547464	230.175781	70.605469
427725.330580	0.879790	230.175781	70.605469
427725.332581	1.192041	230.175781	70.605469
427725.334579	1.338890	230.175781	70.605469
427725.336580	1.335436	14.689801	0.103806
427726.376607	0.455327	75.292969	-513.476562
427726.378609	0.790750	75.292969	-513.476562
427726.380610	1.110138	75.292969	-513.476562
427726.382611	1.327741	75.292969	-513.476562
427726.384609	1.336371	75.292969	-513.476562
427726.386610	1.333094	14.664030	0.094873
427727.426645	0.701686	222.656250	71.777344
427727.428647	1.026472	222.656250	71.777344
427727.430648	1.296255	222.656250	71.777344
427727.432648	1.337701	222.656250	71.777344
427727.434646	1.334043	14.674469	0.079233
427728.441173	0.486671	79.882812	-508.007812
427728.443177	0.820992	79.882812	-508.007812
427728.445175	1.138071	79.882812	-508.007812
427728.447182	1.334244	79.882812	-508.007812
427728.449179	1.336287	79.882812	-508.007812
427728.451179	1.333129	14.664419	0.117451
427729.489191	0.390521	224.511719	72.558594
427729.491193	0.728357	224.511719	72.558594
427729.493193	1.051717	224.511719	72.558594
427729.495194	1.307706	224.511719	72.558594
427729.497192	1.336967	224.511719	72.558594
427729.499194	1.333408	14.667486	0.104662
427730.537242	0.298641	72.167969	-517.675781
427730.539244	0.640727	72.167969	-517.675781
427730.541246	0.968792	72.167969	-517.675781
427730.543245	0.979899	72.167969	-517.675781
427730.545244	1.338512	72.167969	-517.675781
427730.547245	1.334350	14.677855	0.099865
427731.587252	0.544565	216.308594	72.949219
427731.591253	1.189618	216.308594	72.949219
427731.593254	1.338489	216.308594	72.949219
427731.595253	1.335144	14.686584	0.081677
427732.605275	0.911870	88.378906	-495.898437
427732.609276	1.339244	88.378906	-495.898437
427732.611277	1.335101	88.378906	-495.898437
427732.613278	1.332343	14.655770	0.131990
427733.651263	0.482456	229.589844	74.609375
427733.653273	0.816928	229.589844	74.609375
427733.655274	1.135530	229.589844	74.609375
427733.661271	1.335542	229.589844	74.609375
427733.663274	1.330451	229.589844	74.609375
427733.665273	1.329036	14.619400	0.116537
427734.699359	0.401153	73.046875	-515.820312
427734.701361	0.738543	73.046875	-515.820312
427734.703364	1.061352	73.046875	-515.820312
427734.705361	1.311797	73.046875	-515.820312
427734.707361	1.337033	73.046875	-515.820312
427734.709361	1.336893	14.705825	0.096514
427735.749399	0.647146	216.601562	74.316406
427735.751400	0.974889	216.601562	74.316406
427735.753400	1.266282	216.601562	74.316406
427735.757399	1.334018	216.601562	74.316406
427735.759404	1.331434	14.645774	0.325812
427736.797425	0.555225	66.699219	-522.070312
427736.799428	0.887389	66.699219	-522.070312
427736.801427	1.198845	66.699219	-522.070312
427736.803429	1.339388	66.699219	-522.070312
427736.805429	1.335637	14.692008	0.076425
427737.813447	0.592103	224.218750	74.902344
427737.815450	0.922696	224.218750	74.902344
427737.817451	1.228590	224.218750	74.902344
427737.819450	1.340434	224.218750	74.902344
427737.821451	1.336063	14.696696	0.111652
427738.861511	0.505142	75.292969	-513.183594
427738.863513	0.838828	75.292969	-513.183594
427738.865518	1.154572	75.292969	-513.183594
427738.867517	1.339168	75.292969	-513.183594
427738.869515	1.338985	75.292969	-513.183594
427738.871514	1.335912	14.695030	0.101340
427739.909563	0.416902	216.992187	75.292969
427739.911565	0.753691	216.992187	75.292969
427739.913565	1.075648	216.992187	75.292969
427739.915565	1.317223	216.992187	75.292969
427739.917564	1.337139	216.992187	75.292969
427739.919564	1.333782	14.671598	0.086535
427740.957640	0.328813	65.527344	-520.703125
427740.959642	0.669450	65.527344	-520.703125
427740.961643	0.995932	65.527344	-520.703125
427740.963642	1.279399	65.527344	-520.703125
427740.965642	1.282628	65.527344	-520.703125
427740.967642	1.334076	14.674834	0.082790
427741.973661	0.367250	233.691406	75.292969
427741.975664	0.706059	233.691406	75.292969
427741.977662	1.030530	233.691406	75.292969
427741.979663	1.297910	233.691406	75.292969
427741.981663	1.300671	233.691406	75.292969
427741.983663	1.333200	14.665199	0.110978
427743.023687	0.611828	76.660156	-509.375000
427743.027687	1.242759	76.660156	-509.375000
427743.029689	1.338744	76.660156	-509.375000
427743.031689	1.334533	14.679867	0.182091
427744.071758	0.528086	219.531250	74.609375
427744.073760	0.860995	219.531250	74.609375
427744.075760	1.175001	219.531250	74.609375
427744.077760	1.338610	219.531250	74.609375
427744.079759	1.336055	14.696608	0.089937
427745.121796	0.773359	70.703125	-514.062500
427745.123797	1.094051	70.703125	-514.062500
427745.127796	1.336476	70.703125	-514.062500
427745.129797	1.333162	70.703125	-514.062500
427745.131799	1.330974	14.640714	0.080418
427746.138384	0.899747	222.949219	74.414062
427746.142385	1.340226	222.949219	74.414062
427746.144387	1.336221	222.949219	74.414062
427746.146386	1.333438	14.667814	0.118904
427747.184397	0.474034	76.562500	-505.957031
427747.186398	0.491367	76.562500	-505.957031
427747.188399	1.126652	76.562500	-505.957031
427747.190397	1.331798	76.562500	-505.957031
427747.192396	1.336385	76.562500	-505.957031
427747.194399	1.333138	14.664518	0.110692
427748.232441	0.383585	222.265625	73.925781
427748.234443	0.721683	222.265625	73.925781
427748.236443	1.045343	222.265625	73.925781
427748.238444	1.305289	222.265625	73.925781
427748.240449	1.337369	222.265625	73.925781
427748.242447	1.333901	14.672911	0.092521
427749.283014	0.720750	71.093750	-509.082031
427749.285015	1.044481	71.093750	-509.082031
427749.287016	1.304284	71.093750	-509.082031
427749.289018	1.336577	71.093750	-509.082031
427749.291014	1.332950	14.662453	0.085393
427750.297592	0.514037	225.976562	72.949219
427750.299595	0.847414	225.976562	72.949219
427750.301597	1.162410	225.976562	72.949219
427750.303597	1.336921	225.976562	72.949219
427750.305599	1.335515	14.690670	0.123863
427751.347669	0.766096	79.296875	-499.316406
427751.349671	1.087344	79.296875	-499.316406
427751.351672	1.320870	79.296875	-499.316406
427751.353670	1.336650	79.296875	-499.316406
427751.355671	1.333210	14.665316	0.115704
427752.396252	0.767167	225.292969	72.265625
427752.404253	1.333053	225.292969	72.265625
427752.406253	1.330862	225.292969	72.265625
427752.408253	1.329343	14.622776	0.091771
427753.442792	0.424856	67.285156	-509.667969
427753.444793	0.761311	67.285156	-509.667969
427753.446793	1.082856	67.285156	-509.667969
427753.448793	1.319108	67.285156	-509.667969
427753.450794	1.336241	67.285156	-509.667969
427753.454792	1.330632	14.636955	0.083027
427754.492817	0.669744	216.894531	71.386719
427754.494818	0.996168	216.894531	71.386719
427754.496820	1.279457	216.894531	71.386719
427754.500818	1.333744	216.894531	71.386719
427754.502819	1.331246	14.643709	0.069633
427755.507397	0.459689	79.589844	-494.921875
427755.509397	0.794883	79.589844	-494.921875
427755.511398	1.113893	79.589844	-494.921875
427755.513396	1.328460	79.589844	-494.921875
427755.515397	1.335984	79.589844	-494.921875
427755.517398	1.332734	14.660069	0.117895
427756.556375	0.528359	227.734375	70.312500
427756.558378	0.861174	227.734375	70.312500
427756.560377	1.175200	227.734375	70.312500
427756.562377	1.338903	227.734375	70.312500
427756.564377	1.339128	14.730408	0.102127
427757.608960	1.175456	66.992187	-507.324219
427757.610961	1.337990	66.992187	-507.324219
427757.612959	1.335413	14.689544	0.087362
427758.653489	0.521448	215.917969	68.945312
427758.655490	0.854515	215.917969	68.945312
427758.657492	1.168961	215.917969	68.945312
427758.659491	1.338883	215.917969	68.945312
427758.661491	1.336878	14.705656	0.081365
427759.671503	0.888230	63.574219	-508.789062
427759.673504	1.199481	63.574219	-508.789062
427759.675504	1.339569	63.574219	-508.789062
427759.677504	1.335847	14.694312	0.103936
427760.717507	0.459282	232.910156	68.945312
427760.719509	0.794497	232.910156	68.945312
427760.721509	0.807145	232.910156	68.945312
427760.723509	1.328655	232.910156	68.945312
427760.725508	1.336345	232.910156	68.945312
427760.727509	1.333094	14.664030	0.106569
427761.766058	0.456841	58.300781	-511.523437
427761.768060	0.792099	58.300781	-511.523437
427761.770058	1.111308	58.300781	-511.523437
427761.772059	1.327667	58.300781	-511.523437
427761.774058	1.335975	58.300781	-511.523437
427761.776059	1.332673	14.659404	0.084057
427762.814120	0.369540	220.703125	68.457031
427762.816124	0.708156	220.703125	68.457031
427762.818122	1.032494	220.703125	68.457031
427762.822122	1.336954	220.703125	68.457031
427762.826123	1.330976	220.703125	68.457031
427762.828123	1.329351	14.622865	0.091030
427763.832125	0.740380	66.308594	-505.273437
427763.834127	1.062947	66.308594	-505.273437
427763.836127	1.074981	66.308594	-505.273437
427763.838127	1.336955	66.308594	-505.273437
427763.840129	1.333535	14.668887	0.110107
427764.878684	0.399522	237.011719	69.531250
427764.880685	0.736814	237.011719	69.531250
427764.882685	1.059626	237.011719	69.531250
427764.884685	1.310732	237.011719	69.531250
427764.886686	1.336605	237.011719	69.531250
427764.888685	1.333128	14.664412	0.122594
427765.927246	0.397275	54.394531	-515.527344
427765.929247	0.734676	54.394531	-515.527344
427765.931248	1.057653	54.394531	-515.527344
427765.933248	1.309970	54.394531	-515.527344
427765.935248	1.336540	54.394531	-515.527344
427765.939246	1.330802	14.638825	0.083929
427766.975778	0.389094	229.589844	69.824219
427766.977778	0.726863	229.589844	69.824219
427766.979781	1.050187	229.589844	69.824219
427766.981778	1.306997	229.589844	69.824219
427766.983777	1.336887	229.589844	69.824219
427766.985779	1.333328	14.666610	0.098651
427767.993805	0.762570	54.003906	-515.820312
427767.995807	1.083875	54.003906	-515.820312
427767.997808	1.319229	54.003906	-515.820312
427767.999807	1.336118	54.003906	-515.820312
427768.001807	1.332704	14.659740	0.095936
427769.073872	0.549100	214.160156	69.921875
427769.075877	0.881265	214.160156	69.921875
427769.077875	1.193354	214.160156	69.921875
427769.079875	1.339972	214.160156	69.921875
427769.081883	1.336471	14.701180	0.072339
427770.089951	0.594039	45.507812	-521.875000
427770.091954	0.924438	45.507812	-521.875000
427770.093955	1.229833	45.507812	-521.875000
427770.095953	1.339817	45.507812	-521.875000
427770.097952	1.335430	14.689731	0.076631
427771.139955	0.832322	228.125000	70.800781
427771.141956	1.148443	228.125000	70.800781
427771.145954	1.335611	228.125000	70.800781
427771.147957	1.332538	228.125000	70.800781
427771.149956	1.330549	14.636034	0.102539
427772.154506	0.624152	55.664062	-514.941406
427772.156506	0.952966	55.664062	-514.941406
427772.158507	1.251374	55.664062	-514.941406
427772.160507	1.339190	55.664062	-514.941406
427772.162505	1.334877	14.683641	0.109543
427773.234575	0.409437	217.773437	71.386719
427773.236578	0.746439	217.773437	71.386719
427773.238579	1.068735	217.773437	71.386719
427773.240578	1.314543	217.773437	71.386719
427773.242578	1.336986	217.773437	71.386719
427773.244578	1.333569	14.669258	0.079756
427774.252627	0.786494	50.781250	-518.261719
427774.254628	1.106096	50.781250	-518.261719
427774.258627	1.336230	50.781250	-518.261719
427774.260628	1.332956	50.781250	-518.261719
427774.262628	1.330794	14.638738	0.074837
427775.305237	1.327608	227.636719	70.898437
427775.307239	1.335929	227.636719	70.898437
427775.309239	1.332660	14.659262	0.099335
427776.315755	0.577211	66.503906	-503.417969
427776.317757	0.908452	66.503906	-503.417969
427776.319757	1.216795	66.503906	-503.417969
427776.321756	1.340038	66.503906	-503.417969
427776.323759	1.335901	14.694915	0.107798
427777.397820	0.696156	220.019531	70.898437
427777.399821	1.021162	220.019531	70.898437
427777.401822	1.293061	220.019531	70.898437
427777.403825	1.336872	220.019531	70.898437
427777.405822	1.333144	14.664579	0.548625
427778.414769	0.885547	47.949219	-516.308594
427778.416768	1.197030	47.949219	-516.308594
427778.418770	1.339147	47.949219	-516.308594
427778.420769	1.335428	14.689713	0.087200
427779.462849	0.804916	228.710937	71.484375
427779.464853	1.123096	228.710937	71.484375
427779.466856	1.330756	228.710937	71.484375
427779.468854	1.335992	228.710937	71.484375
427779.470855	1.332745	14.660193	0.106546
427780.477413	0.595043	58.789062	-506.250000
427780.479416	0.925370	58.789062	-506.250000
427780.481414	1.230558	58.789062	-506.250000
427780.483414	1.340237	58.789062	-506.250000
427780.485414	1.335869	14.694561	0.106776
427781.559530	0.723470	212.402344	70.312500
427781.561533	1.047000	212.402344	70.312500
427781.563532	1.305476	212.402344	70.312500
427781.565532	1.336683	212.402344	70.312500
427781.567532	1.333127	14.664393	0.663314
427782.575537	0.757310	50.195312	-510.253906
427782.577538	1.078945	50.195312	-510.253906
427782.579541	1.317876	50.195312	-510.253906
427782.581540	1.336465	50.195312	-510.253906
427782.583538	1.333120	14.664323	0.086860
427783.621581	0.328363	222.949219	70.507812
427783.623582	0.668870	222.949219	70.507812
427783.625583	0.995318	222.949219	70.507812
427783.627583	1.278876	222.949219	70.507812
427783.629585	1.337605	222.949219	70.507812
427783.631581	1.333683	14.670507	0.100786
427784.673649	0.913928	48.144531	-508.984375
427784.675651	1.221172	48.144531	-508.984375
427784.677651	1.339157	48.144531	-508.984375
427784.679651	1.334994	14.684937	0.072239
427785.719690	0.493887	212.890625	70.312500
427785.721691	0.827891	212.890625	70.312500
427785.723692	1.144418	212.890625	70.312500
427785.725698	1.334656	212.890625	70.312500
427785.727701	1.335498	212.890625	70.312500
427785.729700	1.332326	14.655584	0.078297
427786.735755	0.536068	65.722656	-495.117187
427786.737757	0.868586	65.722656	-495.117187
427786.739759	1.181915	65.722656	-495.117187
427786.743770	1.335673	65.722656	-495.117187
427786.745770	1.332655	14.659201	0.092727
427787.785759	0.775882	223.242187	71.386719
427787.787759	1.096250	223.242187	71.386719
427787.789760	1.323137	223.242187	71.386719
427787.791759	1.335720	223.242187	71.386719
427787.795757	1.330219	14.632409	0.096734
427788.831852	0.355771	51.464844	-504.394531
427788.833856	0.695042	51.464844	-504.394531
427788.835856	1.020104	51.464844	-504.394531
427788.837859	1.293372	51.464844	-504.394531
427788.839860	1.337456	51.464844	-504.394531
427788.841860	1.333678	14.670456	0.078765
427789.883876	0.932820	206.835937	71.582031
427789.887876	1.339694	206.835937	71.582031
427789.889879	1.335474	206.835937	71.582031
427789.891879	1.332741	14.660149	0.112108
427790.897877	0.635475	71.679687	-489.453125
427790.899879	0.963707	71.679687	-489.453125
427790.901877	1.259180	71.679687	-489.453125
427790.903878	1.340314	71.679687	-489.453125
427790.905877	1.336015	14.696165	0.103260
427791.944386	0.281928	217.578125	73.242187
427791.946389	0.624796	217.578125	73.242187
427791.948390	0.953513	217.578125	73.242187
427791.950389	1.251556	217.578125	73.242187
427791.952388	1.338451	217.578125	73.242187
427791.954389	1.334255	14.676801	0.094532
427792.992965	0.282229	64.062500	-495.117187
427792.994966	0.625037	64.062500	-495.117187
427792.996967	0.953766	64.062500	-495.117187
427792.998968	1.251803	64.062500	-495.117187
427793.000967	1.338945	64.062500	-495.117187
427793.002966	1.334602	14.680620	0.089032
427794.045532	0.949968	200.097656	73.730469
427794.047536	1.249131	200.097656	73.730469
427794.049535	1.339374	200.097656	73.730469
427794.051536	1.335150	14.686655	0.186882
427795.059563	0.660802	77.050781	-484.277344
427795.061563	0.987611	77.050781	-484.277344
427795.063564	0.997311	77.050781	-484.277344
427795.065563	1.337857	77.050781	-484.277344
427795.067563	1.333840	14.672236	0.117750
427796.106141	0.320046	214.453125	76.074219
427796.108142	0.660968	214.453125	76.074219
427796.110143	0.987765	214.453125	76.074219
427796.112142	1.274084	214.453125	76.074219
427796.114142	1.337149	214.453125	76.074219
427796.116143	1.333119	14.664306	0.096095
427797.156665	0.652982	67.382812	-493.750000
427797.158668	0.980221	67.382812	-493.750000
427797.160667	1.269458	67.382812	-493.750000
427797.162668	1.337490	67.382812	-493.750000
427797.164668	1.333342	14.666760	0.088799
427798.203237	0.310228	206.640625	76.367187
427798.205240	0.651549	206.640625	76.367187
427798.207239	0.978854	206.640625	76.367187
427798.209240	1.268646	206.640625	76.367187
427798.211239	1.337678	206.640625	76.367187
427798.213239	1.337437	14.711807	0.077255
427799.255225	0.883003	58.105469	-500.000000
427799.257226	1.194758	58.105469	-500.000000
427799.259226	1.339385	58.105469	-500.000000
427799.261226	1.339433	14.733759	0.070365
427800.267759	0.335354	208.203125	77.343750
427800.269760	0.675469	208.203125	77.343750
427800.271761	1.001423	208.203125	77.343750
427800.273760	1.282210	208.203125	77.343750
427800.275760	1.337011	208.203125	77.343750
427800.277761	1.333094	14.664040	0.107445
427801.317767	0.578788	60.742187	-498.242187
427801.319770	0.909989	60.742187	-498.242187
427801.321769	1.217948	60.742187	-498.242187
427801.323769	1.339532	60.742187	-498.242187
427801.325770	1.335449	14.689935	0.097404
427802.365786	0.485072	199.121094	77.539062
427802.367789	0.819290	199.121094	77.539062
427802.369788	1.136309	199.121094	77.539062
427802.371789	1.333314	199.121094	77.539062
427802.373789	1.335693	199.121094	77.539062
427802.375790	1.332557	14.658128	0.074928
427803.413858	0.400130	54.882812	-501.269531
427803.415861	0.737448	54.882812	-501.269531
427803.417860	1.060183	54.882812	-501.269531
427803.419863	1.311043	54.882812	-501.269531
427803.421864	1.336593	54.882812	-501.269531
427803.423866	1.333008	14.663092	0.067688
427804.431885	0.772985	211.621094	78.808594
427804.433889	1.093533	211.621094	78.808594
427804.435888	1.322379	211.621094	78.808594
427804.437888	1.335845	211.621094	78.808594
427804.439889	1.332443	14.656878	0.102122
427805.480451	0.772025	68.457031	-492.187500
427805.482454	1.092708	68.457031	-492.187500
427805.484454	1.322181	68.457031	-492.187500
427805.486454	1.335948	68.457031	-492.187500
427805.488454	1.332519	14.657711	0.093534
427806.529001	0.767157	203.808594	78.808594
427806.530999	1.088077	203.808594	78.808594
427806.533001	1.320587	203.808594	78.808594
427806.535000	1.335945	203.808594	78.808594
427806.537001	1.332614	14.658757	0.077290
427807.575949	0.493110	54.589844	-499.804687
427807.577950	0.826958	54.589844	-499.804687
427807.579950	1.143435	54.589844	-499.804687
427807.581950	1.334283	54.589844	-499.804687
427807.583951	1.335378	54.589844	-499.804687
427807.585950	1.332265	14.654919	0.071092
427808.591998	0.535558	213.769531	79.882812
427808.594000	0.868055	213.769531	79.882812
427808.596001	1.181242	213.769531	79.882812
427808.597999	1.337699	213.769531	79.882812
427808.600001	1.334765	14.682410	0.100056
427809.640021	0.442376	63.378906	-494.238281
427809.642023	0.778075	63.378906	-494.238281
427809.644025	1.098272	63.378906	-494.238281
427809.646023	1.323666	63.378906	-494.238281
427809.648024	1.335504	63.378906	-494.238281
427809.650024	1.332174	14.653910	0.092303
427810.688041	0.345385	200.781250	79.101562
427810.690044	0.684939	200.781250	79.101562
427810.692045	1.010797	200.781250	79.101562
427810.694045	1.287632	200.781250	79.101562
427810.696045	1.337250	200.781250	79.101562
427810.698045	1.333357	14.666928	0.074323
427811.738112	0.600813	57.324219	-496.679687
427811.740111	0.930755	57.324219	-496.679687
427811.744111	1.339601	57.324219	-496.679687
427811.746113	1.335379	57.324219	-496.679687
427811.748114	1.332684	14.659529	0.096593
427812.756202	0.975175	214.648437	79.882812
427812.758204	1.266111	214.648437	79.882812
427812.760202	1.337185	214.648437	79.882812
427812.762203	1.333044	14.663481	0.107279
427813.803141	0.707407	72.656250	-485.449219
427813.805140	1.031644	72.656250	-485.449219
427813.807142	1.298136	72.656250	-485.449219
427813.809141	1.336503	72.656250	-485.449219
427813.811142	1.332854	14.661398	0.612233
427814.853127	0.938490	203.417969	78.906250
427814.855128	1.240583	203.417969	78.906250
427814.857129	1.339346	203.417969	78.906250
427814.859127	1.335057	14.685627	0.140968
427815.897656	0.258912	61.035156	-491.796875
427815.899658	0.602822	61.035156	-491.796875
427815.901660	0.932646	61.035156	-491.796875
427815.903658	1.236138	61.035156	-491.796875
427815.905660	1.339461	61.035156	-491.796875
427815.907660	1.335276	14.688039	0.075560
427816.952196	1.231078	196.289062	77.539062
427816.954207	1.338345	196.289062	77.539062
427816.956214	1.334104	14.675143	0.075705
427817.966232	0.962154	61.328125	-489.160156
427817.968235	1.257520	61.328125	-489.160156
427817.970236	1.337965	61.328125	-489.160156
427817.972235	1.333805	14.671856	0.283946
427819.012302	0.549135	204.589844	77.929687
427819.014304	0.881160	204.589844	77.929687
427819.016304	1.193096	204.589844	77.929687
427819.018304	1.338175	204.589844	77.929687
427819.020304	1.334596	14.680557	0.084893
427820.060845	0.543966	61.718750	-487.988281
427820.062847	0.876194	61.718750	-487.988281
427820.064847	1.188694	61.718750	-487.988281
427820.066847	1.338225	61.718750	-487.988281
427820.068846	1.334810	14.682906	0.079351
427821.108844	0.446791	199.316406	75.976562
427821.110844	0.782304	199.316406	75.976562
427821.112846	1.102061	199.316406	75.976562
427821.114847	1.111414	199.316406	75.976562
427821.116846	1.336195	199.316406	75.976562
427821.118849	1.332838	14.661222	0.058764
427822.126827	0.811147	60.351562	-487.011719
427822.128828	1.128742	60.351562	-487.011719
427822.130828	1.331398	60.351562	-487.011719
427822.132829	1.335245	60.351562	-487.011719
427822.136826	1.329911	14.629024	0.098773
427823.172860	0.383646	204.003906	75.878906
427823.174862	0.721457	204.003906	75.878906
427823.176861	1.044962	204.003906	75.878906
427823.178862	1.304083	204.003906	75.878906
427823.180861	1.335860	204.003906	75.878906
427823.182862	1.332323	14.655558	0.086124
427824.224862	0.951753	54.394531	-488.671875
427824.226864	1.250399	54.394531	-488.671875
427824.228864	1.339307	54.394531	-488.671875
427824.230863	1.334990	14.684892	0.201096
427825.271431	0.622015	198.242187	74.316406
427825.273434	0.950815	198.242187	74.316406
427825.275432	1.249637	198.242187	74.316406
427825.279433	1.334464	198.242187	74.316406
427825.281434	1.331875	14.650630	0.195386
427826.287489	0.666654	64.355469	-480.664062
427826.289491	0.993049	64.355469	-480.664062
427826.291493	1.277285	64.355469	-480.664062
427826.293494	1.337059	64.355469	-480.664062
427826.295496	1.333007	14.663073	0.098406
427827.336027	0.659210	212.109375	75.195312
427827.338026	0.986109	212.109375	75.195312
427827.340030	1.273151	212.109375	75.195312
427827.342029	1.337568	212.109375	75.195312
427827.344033	1.333483	14.668310	0.381300
427828.383002	0.388736	51.757812	-487.695312
427828.387001	1.049568	51.757812	-487.695312
427828.389003	1.306324	51.757812	-487.695312
427828.391003	1.336335	51.757812	-487.695312
427828.393005	1.332814	14.660955	0.077691
427829.433992	0.795087	205.566406	73.925781
427829.435997	1.113914	205.566406	73.925781
427829.437997	1.328052	205.566406	73.925781
427829.440000	1.335266	205.566406	73.925781
427829.441997	1.331945	14.651393	0.073900
427830.448528	0.581863	51.855469	-487.011719
427830.450530	0.912779	51.855469	-487.011719
427830.452531	1.220153	51.855469	-487.011719
427830.454530	1.338333	51.855469	-487.011719
427830.456530	1.334129	14.675419	0.094924
427831.496550	0.488069	214.941406	74.707031
427831.498552	0.822079	214.941406	74.707031
427831.500550	1.138875	214.941406	74.707031
427831.502552	1.333049	214.941406	74.707031
427831.504552	1.334920	214.941406	74.707031
427831.506552	1.331745	14.649194	0.103927
427832.545065	0.479782	46.289062	-490.625000
427832.547067	0.814082	46.289062	-490.625000
427832.549067	1.131409	46.289062	-490.625000
427832.551068	1.332201	46.289062	-490.625000
427832.553066	1.335570	46.289062	-490.625000
427832.555065	1.332314	14.655452	0.072185
427833.595982	0.868011	206.640625	73.925781
427833.597983	1.181153	206.640625	73.925781
427833.599983	1.337400	206.640625	73.925781
427833.601984	1.334490	14.679388	0.082485
427834.610522	0.660060	44.726562	-491.503906
427834.612523	0.986711	44.726562	-491.503906
427834.614524	1.273576	44.726562	-491.503906
427834.616524	1.337637	44.726562	-491.503906
427834.618522	1.333593	14.669524	0.094021
427835.690531	0.433179	197.949219	74.023437
427835.692535	0.769160	197.949219	74.023437
427835.694534	1.090036	197.949219	74.023437
427835.696534	1.321263	197.949219	74.023437
427835.698535	1.335930	197.949219	74.023437
427835.700534	1.332517	14.657684	0.067392
427836.706583	0.473627	43.652344	-493.164062
427836.708585	0.808039	43.652344	-493.164062
427836.710586	1.125890	43.652344	-493.164062
427836.712584	1.330766	43.652344	-493.164062
427836.714584	1.335303	43.652344	-493.164062
427836.716588	1.332008	14.652084	0.066260
427837.755541	0.536629	210.156250	75.097656
427837.757541	0.869078	210.156250	75.097656
427837.759541	1.182237	210.156250	75.097656
427837.763539	1.334898	210.156250	75.097656
427837.767539	1.330054	14.630593	0.083604
427838.770454	0.386122	53.320312	-488.183594
427838.772456	0.723747	53.320312	-488.183594
427838.774456	1.047094	53.320312	-488.183594
427838.776456	1.304922	53.320312	-488.183594
427838.778455	1.335775	53.320312	-488.183594
427838.780454	1.332095	14.653042	0.090386
427839.852469	0.500383	198.144531	74.707031
427839.854471	0.834036	198.144531	74.707031
427839.856479	1.149923	198.144531	74.707031
427839.858480	1.336622	198.144531	74.707031
427839.860479	1.336686	198.144531	74.707031
427839.862481	1.333692	14.670615	0.069479
427840.870520	0.873420	42.382812	-493.554687
427840.872522	1.186097	42.382812	-493.554687
427840.874522	1.337352	42.382812	-493.554687
427840.876521	1.334197	14.676171	0.067491
427841.919462	0.932837	201.660156	75.195312
427841.921466	1.236152	201.660156	75.195312
427841.923466	1.339197	201.660156	75.195312
427841.925464	1.334939	14.684325	0.122034
427842.931536	0.306704	52.539062	-487.597656
427842.933537	0.648059	52.539062	-487.597656
427842.935536	0.975448	52.539062	-487.597656
427842.937538	1.266298	52.539062	-487.597656
427842.939538	1.337613	52.539062	-487.597656
427842.941537	1.333471	14.668178	0.096559
427844.015558	0.758579	203.125000	75.683594
427844.017557	1.080125	203.125000	75.683594
427844.019556	1.317761	203.125000	75.683594
427844.021558	1.335788	203.125000	75.683594
427844.023556	1.332352	14.655876	0.067410
427845.030505	0.615547	33.789062	-494.238281
427845.032504	0.944705	33.789062	-494.238281
427845.034506	1.245398	33.789062	-494.238281
427845.036506	1.339185	33.789062	-494.238281
427845.038504	1.334975	14.684724	0.073520
427846.080551	0.860079	207.910156	76.074219
427846.082554	1.173877	207.910156	76.074219
427846.084553	1.337238	207.910156	76.074219
427846.086553	1.334750	14.682251	0.092947
427847.093054	0.302755	44.531250	-489.257812
427847.095053	0.644356	44.531250	-489.257812
427847.097054	0.971912	44.531250	-489.257812
427847.099055	1.264117	44.531250	-489.257812
427847.101061	1.337281	44.531250	-489.257812
427847.103061	1.333057	14.663622	0.099990
427848.175079	0.422619	204.199219	75.878906
427848.177080	0.758932	204.199219	75.878906
427848.179082	1.080437	204.199219	75.878906
427848.181082	1.317894	204.199219	75.878906
427848.183082	1.335774	204.199219	75.878906
427848.185081	1.332369	14.656063	0.069102
427849.193077	0.790104	35.644531	-489.160156
427849.195083	1.109233	35.644531	-489.160156
427849.197085	1.327148	35.644531	-489.160156
427849.199086	1.335545	35.644531	-489.160156
427849.201086	1.332206	14.654263	0.071053
427850.241124	0.702733	207.128906	75.976562
427850.243127	1.027171	207.128906	75.976562
427850.245127	1.295781	207.128906	75.976562
427850.247127	1.336299	207.128906	75.976562
427850.249125	1.332502	14.657525	0.089531
427851.255155	0.403026	56.738281	-478.027344
427851.259157	1.062305	56.738281	-478.027344
427851.261160	1.311307	56.738281	-478.027344
427851.263157	1.335868	56.738281	-478.027344
427851.265158	1.332355	14.655904	0.109679
427852.337710	0.606688	196.093750	74.609375
427852.339712	0.936292	196.093750	74.609375
427852.345709	1.335056	196.093750	74.609375
427852.347712	1.332336	196.093750	74.609375
427852.349712	1.330564	14.636203	0.124081
427853.355823	0.986714	48.144531	-481.152344
427853.357825	1.273184	48.144531	-481.152344
427853.359824	1.336793	48.144531	-481.152344
427853.361827	1.332734	14.660069	0.081925
427854.402400	0.660237	204.589844	76.171875
427854.404400	0.986928	204.589844	76.171875
427854.408399	1.337504	204.589844	76.171875
427854.410399	1.333385	204.589844	76.171875
427854.412400	1.333175	14.664926	0.381610
427855.450957	0.657187	44.531250	-480.761719
427855.452960	0.984054	44.531250	-480.761719
427855.454959	1.271543	44.531250	-480.761719
427855.456960	1.336943	44.531250	-480.761719
427855.458959	1.332815	14.660964	0.064272
427856.499883	0.716150	197.265625	76.074219
427856.501886	1.039890	197.265625	76.074219
427856.503885	1.301819	197.265625	76.074219
427856.505885	1.336063	197.265625	76.074219
427856.507885	1.332435	14.656789	0.061850
427857.514452	0.508307	48.242187	-477.148437
427857.516453	0.841550	48.242187	-477.148437
427857.518460	1.156833	48.242187	-477.148437
427857.520461	1.341103	48.242187	-477.148437
427857.522467	1.341024	48.242187	-477.148437
427857.524470	1.337808	14.715883	0.085602
427858.564477	0.750715	200.097656	77.441406
427858.566480	1.072621	200.097656	77.441406
427858.568479	1.315257	200.097656	77.441406
427858.570480	1.335859	200.097656	77.441406
427858.572478	1.332365	14.656018	0.083441
427859.610518	0.318781	44.726562	-478.320312
427859.612520	0.659601	44.726562	-478.320312
427859.614521	0.986269	44.726562	-478.320312
427859.616520	1.272985	44.726562	-478.320312
427859.618519	1.336880	44.726562	-478.320312
427859.620521	1.336703	14.703733	0.069115
427860.660540	0.567541	191.699219	77.050781
427860.662543	0.898916	191.699219	77.050781
427860.664544	1.208610	191.699219	77.050781
427860.666544	1.339520	191.699219	77.050781
427860.668542	1.335368	14.689049	0.062274
427861.674638	0.274499	60.253906	-470.898437
427861.678638	0.946411	60.253906	-470.898437
427861.680639	1.246308	60.253906	-470.898437
427861.682642	1.338514	60.253906	-470.898437
427861.688638	1.329935	14.629290	0.091229
427862.725251	0.623759	199.316406	78.808594
427862.727252	0.637550	199.316406	78.808594
427862.729254	1.250367	199.316406	78.808594
427862.731254	1.337355	199.316406	78.808594
427862.733254	1.333109	14.664198	0.084446
427863.773861	0.627470	53.222656	-474.218750
427863.775863	0.955908	53.222656	-474.218750
427863.777864	1.253190	53.222656	-474.218750
427863.779863	1.338580	53.222656	-474.218750
427863.781862	1.334264	14.676907	0.075482
427864.820391	0.275865	190.527344	79.101562
427864.822390	0.618771	190.527344	79.101562
427864.824391	0.947606	190.527344	79.101562
427864.826390	1.247292	190.527344	79.101562
427864.828390	1.338986	190.527344	79.101562
427864.830389	1.334681	14.681489	0.061269
427865.837297	0.466153	56.835937	-472.753906
427865.839298	0.800805	56.835937	-472.753906
427865.841299	1.119183	56.835937	-472.753906
427865.843299	1.329300	56.835937	-472.753906
427865.845298	1.335416	56.835937	-472.753906
427865.847299	1.332053	14.652580	0.103015
427866.885325	0.373739	196.289062	80.761719
427866.887329	0.711899	196.289062	80.761719
427866.889326	1.035839	196.289062	80.761719
427866.891327	1.300011	196.289062	80.761719
427866.893328	1.336174	196.289062	80.761719
427866.895327	1.332482	14.657303	0.082708
427867.935403	0.626706	51.367187	-476.171875
427867.937405	0.955169	51.367187	-476.171875
427867.939405	1.252836	51.367187	-476.171875
427867.941404	1.258294	51.367187	-476.171875
427867.943404	1.334844	14.683279	0.230399
427868.985445	0.868737	185.253906	79.980469
427868.987447	1.181807	185.253906	79.980469
427868.989446	1.338066	185.253906	79.980469
427868.993445	1.332141	14.653546	0.062039
427869.999500	0.578891	66.015625	-467.578125
427870.003502	1.217519	66.015625	-467.578125
427870.005509	1.337710	66.015625	-467.578125
427870.007513	1.333478	14.668258	0.110628
427871.048030	0.571575	196.093750	81.933594
427871.050031	0.902730	196.093750	81.933594
427871.052032	1.211749	196.093750	81.933594
427871.054033	1.338898	196.093750	81.933594
427871.056038	1.334993	14.684927	0.085061
