time (s)	coil I (A)	last det (V)	int current (uC)
73657.011611	0.413817	488.476562	29.882812
73657.013612	0.752331	488.476562	29.882812
73657.015613	0.891809	488.476562	29.882812
73657.019609	0.887006	9.757070	0.603624
73658.019600	0.476154	124.023437	-20.898437
73658.021601	0.801508	124.023437	-20.898437
73658.025601	0.887314	124.023437	-20.898437
73658.027599	0.885615	9.741764	0.732465
73659.083626	0.314995	481.250000	30.859375
73659.085628	0.660308	481.250000	30.859375
73659.087627	0.884108	481.250000	30.859375
73659.089628	0.888824	481.250000	30.859375
73659.091633	0.886535	9.751884	0.688266
73660.107658	0.319483	124.316406	-29.589844
73660.109659	0.664469	124.316406	-29.589844
73660.111665	0.884576	124.316406	-29.589844
73660.113665	0.888493	124.316406	-29.589844
73660.115664	0.886254	9.748793	0.701237
73661.167718	0.842990	473.339844	31.933594
73661.171717	0.886836	473.339844	31.933594
73661.173719	0.885367	9.739035	0.758069
73662.199775	0.831023	123.339844	-42.675781
73662.201775	0.889549	123.339844	-42.675781
73662.203777	0.886732	9.754056	0.698806
73663.254311	0.482049	468.359375	31.542969
73663.256314	0.805579	468.359375	31.542969
73663.258314	0.890427	468.359375	31.542969
73663.260314	0.887335	9.760685	0.664681
73664.278343	0.486791	123.828125	-42.089844
73664.282342	0.890250	123.828125	-42.089844
73664.284345	0.887217	123.828125	-42.089844
73664.286344	0.885540	9.740940	0.669782
73665.338874	0.890749	463.574219	32.031250
73665.340876	0.887677	9.764452	0.693105
73666.359346	0.526305	121.679687	-71.191406
73666.361348	0.833635	121.679687	-71.191406
73666.365345	0.886597	121.679687	-71.191406
73666.367346	0.885020	9.735215	0.720495
73667.417344	0.734217	463.281250	32.128906
73667.419346	0.890461	463.281250	32.128906
73667.421347	0.888075	9.768829	0.760070
73668.449823	0.776162	123.828125	-62.011719
73668.451822	0.890094	123.828125	-62.011719
73668.453823	0.886979	9.756768	0.705060
73669.504782	0.476177	462.402344	32.128906
73669.506784	0.801446	462.402344	32.128906
73669.508784	0.890380	462.402344	32.128906
73669.510785	0.887274	9.760012	0.677570
73670.528876	0.492253	120.800781	-90.039062
73670.530880	0.812504	120.800781	-90.039062
73670.532878	0.817577	120.800781	-90.039062
73670.534878	0.887158	9.758736	0.662566
73671.584924	0.367098	463.476562	31.542969
73671.586925	0.709766	463.476562	31.542969
73671.588924	0.890318	463.476562	31.542969
73671.590925	0.889192	9.781113	0.685360
73672.608947	0.372012	121.777344	-97.167969
73672.610949	0.714257	121.777344	-97.167969
73672.612950	0.890010	121.777344	-97.167969
73672.614950	0.888490	9.773395	0.725409
73673.668984	0.863568	452.343750	32.519531
73673.670984	0.888694	452.343750	32.519531
73673.672986	0.886208	9.748286	0.735984
73674.699002	0.559884	116.796875	-149.511719
73674.701004	0.851363	116.796875	-149.511719
73674.703005	0.889608	116.796875	-149.511719
73674.705004	0.887010	9.757113	0.709199
73675.754996	0.427800	444.238281	33.300781
73675.756999	0.764145	444.238281	33.300781
73675.760996	0.888553	444.238281	33.300781
73675.763000	0.886661	9.753267	0.699288
73676.779051	0.434800	117.578125	-148.632812
73676.781051	0.769846	117.578125	-148.632812
73676.783050	0.774355	117.578125	-148.632812
73676.785052	0.888633	9.774962	0.667624
73677.837074	0.651524	446.093750	32.714844
73677.839074	0.881796	446.093750	32.714844
73677.841075	0.888133	446.093750	32.714844
73677.843075	0.885898	9.744875	0.810273
73678.859164	0.321599	120.800781	-131.152344
73678.861166	0.666306	120.800781	-131.152344
73678.863165	0.684840	120.800781	-131.152344
73678.867163	0.885967	120.800781	-131.152344
73678.871163	0.883573	9.719308	0.705273
73679.919168	0.839344	440.820312	33.105469
73679.921170	0.889825	440.820312	33.105469
73679.923170	0.887022	9.757237	0.697650
73680.939143	3.267956	123.730469	-124.609375
73680.944497	0.889866	123.730469	-124.609375
73680.946499	0.886973	9.756706	0.806779
73681.997063	0.386961	450.878906	32.617187
73681.999064	0.728102	450.878906	32.617187
73682.001065	0.890471	450.878906	32.617187
73682.003064	0.888204	9.770239	0.747951
73683.031107	0.703726	121.582031	-147.070312
73683.033111	0.711460	121.582031	-147.070312
73683.035108	0.888057	9.768626	0.687673
73684.085717	0.332916	436.523437	33.203125
73684.087726	0.677209	436.523437	33.203125
73684.089723	0.889097	436.523437	33.203125
73684.091723	0.891321	436.523437	33.203125
73684.093723	0.889149	9.780635	0.671025
73685.109767	0.341613	119.042969	-168.261719
73685.115774	0.888984	119.042969	-168.261719
73685.117777	0.886772	119.042969	-168.261719
73685.119777	0.885422	9.739647	0.682956
73686.169870	0.855585	446.289062	32.910156
73686.171872	0.888705	446.289062	32.910156
73686.173874	0.886149	9.747641	0.643509
73687.190421	0.320347	117.578125	-192.871094
73687.192425	0.665083	117.578125	-192.871094
73687.194425	0.884188	117.578125	-192.871094
73687.196429	0.887858	117.578125	-192.871094
73687.198434	0.885702	9.742722	0.766126
73688.248482	0.545179	448.339844	32.519531
73688.250482	0.843742	448.339844	32.519531
73688.252483	0.889047	448.339844	32.519531
73688.254482	0.886383	9.750211	0.709578
73689.280510	0.517412	117.578125	-197.753906
73689.282514	0.828311	117.578125	-197.753906
73689.284514	0.889756	117.578125	-197.753906
73689.286512	0.889647	9.786120	0.704540
73690.330516	0.757436	444.140625	33.203125
73690.332518	0.890444	444.140625	33.203125
73690.334519	0.887596	9.763556	0.708411
73691.363103	0.809135	115.429687	-216.308594
73691.365104	0.813208	115.429687	-216.308594
73691.367106	0.886861	9.755474	0.665331
73692.417171	0.367326	425.195312	34.863281
73692.419173	0.709825	425.195312	34.863281
73692.421174	0.889173	425.195312	34.863281
73692.423174	0.887942	9.767359	0.636017
73693.441238	0.379355	118.457031	-195.410156
73693.443240	0.721085	118.457031	-195.410156
73693.445240	0.890649	118.457031	-195.410156
73693.447240	0.888836	9.777196	0.705634
73694.499301	0.601790	419.335937	35.644531
73694.501307	0.868422	419.335937	35.644531
73694.503304	0.888977	419.335937	35.644531
73694.505305	0.886513	9.751646	0.672417
73695.533368	0.859284	111.718750	-248.925781
73695.535370	0.888805	111.718750	-248.925781
73695.537371	0.886283	9.749111	0.673388
73696.579347	0.476322	434.472656	34.667969
73696.581349	0.801308	434.472656	34.667969
73696.585347	0.886795	434.472656	34.667969
73696.587350	0.885152	9.736669	0.724776
73697.611885	0.536443	112.207031	-243.847656
73697.613890	0.838834	112.207031	-243.847656
73697.615888	0.888681	112.207031	-243.847656
73697.617887	0.885957	9.745522	0.672646
73698.659945	0.446837	436.523437	34.960937
73698.661948	0.779476	436.523437	34.960937
73698.663947	0.891572	436.523437	34.960937
73698.665949	0.888587	9.774458	0.694534
73699.692920	0.580320	114.648437	-228.125000
73699.694919	0.860081	114.648437	-228.125000
73699.696920	0.888797	114.648437	-228.125000
73699.698920	0.886274	9.749014	0.658514
73700.750971	0.789388	405.859375	37.304687
73700.752971	0.890148	405.859375	37.304687
73700.754972	0.887059	9.757646	0.633249
73701.775421	0.839548	112.988281	-239.746094
73701.777425	0.889099	112.988281	-239.746094
73701.779424	0.886297	9.749262	0.705821
73702.831442	0.747421	404.589844	38.281250
73702.835441	0.887777	404.589844	38.281250
73702.837442	0.885957	9.745522	0.687255
73703.855493	0.755270	117.480469	-212.500000
73703.857493	0.890063	117.480469	-212.500000
73703.861491	0.885277	9.738051	0.706083
73704.910063	0.383714	414.355469	37.695312
73704.912066	0.725098	414.355469	37.695312
73704.914065	0.890953	414.355469	37.695312
73704.916065	0.889054	9.779589	0.688543
73705.944107	0.696881	112.597656	-243.945312
73705.946109	0.888915	112.597656	-243.945312
73705.948109	0.888692	9.775610	0.902932
73706.990602	0.340579	421.582031	37.890625
73706.992607	0.684371	421.582031	37.890625
73706.994607	0.887125	421.582031	37.890625
73706.996607	0.887971	9.767677	0.700789
73708.023583	0.478583	109.375000	-266.406250
73708.025585	0.802848	109.375000	-266.406250
73708.027586	0.889690	109.375000	-266.406250
73708.029587	0.886636	9.753001	0.663129
73709.081634	0.696960	398.730469	39.941406
73709.083637	0.887894	398.730469	39.941406
73709.087636	0.885491	9.740399	0.651605
73710.103653	0.355316	112.500000	-251.562500
73710.105655	0.698321	112.500000	-251.562500
73710.107656	0.887757	112.500000	-251.562500
73710.109656	0.887215	9.759364	0.684512
73711.161692	0.573108	396.777344	41.210937
73711.163694	0.856871	396.777344	41.210937
73711.165693	0.888382	396.777344	41.210937
73711.167695	0.885848	9.744326	0.651804
73712.185710	0.576389	113.476562	-246.875000
73712.187712	0.858135	113.476562	-246.875000
73712.189711	0.888422	113.476562	-246.875000
73712.191712	0.885905	9.744955	0.676849
73713.241712	0.448557	395.703125	41.503906
73713.243714	0.780781	395.703125	41.503906
73713.245714	0.891236	395.703125	41.503906
73713.247714	0.888166	9.769822	0.663827
73714.265704	0.444665	116.894531	-230.761719
73714.267705	0.777671	116.894531	-230.761719
73714.269705	0.890675	116.894531	-230.761719
73714.271706	0.887582	9.763406	0.713981
73715.322253	0.409171	396.191406	41.601562
73715.324256	0.747892	396.191406	41.601562
73715.326255	0.890044	396.191406	41.601562
73715.328256	0.887246	9.759710	0.673879
73716.348266	0.749704	117.675781	-231.835937
73716.350269	0.890380	117.675781	-231.835937
73716.352268	0.887649	9.764142	0.717067
73717.402829	0.375013	398.925781	41.992187
73717.404830	0.716893	398.925781	41.992187
73717.406830	0.889860	398.925781	41.992187
73717.408830	0.888207	9.770274	0.686480
73718.434846	0.343380	107.128906	-300.097656
73718.436848	0.686973	107.128906	-300.097656
73718.438848	0.886844	107.128906	-300.097656
73718.440848	0.887449	9.761944	0.666994
73719.494931	0.855353	378.710937	43.652344
73719.496933	0.888623	378.710937	43.652344
73719.498934	0.886131	9.747445	0.623075
73720.518947	0.856337	112.890625	-266.210937
73720.520949	0.888759	112.890625	-266.210937
73720.522949	0.886193	9.748127	0.656133
73721.573470	0.532441	385.156250	43.750000
73721.575472	0.836759	385.156250	43.750000
73721.577470	0.888865	385.156250	43.750000
73721.579469	0.886147	9.747622	0.635537
73722.599476	0.837070	107.812500	-299.609375
73722.601479	0.889256	107.812500	-299.609375
73722.605477	0.884962	9.734577	0.694278
73723.653523	0.409724	397.949219	43.164062
73723.655523	0.748345	397.949219	43.164062
73723.657525	0.890439	397.949219	43.164062
73723.659523	0.887669	9.764354	0.639305
73724.680473	0.855477	115.625000	-257.617187
73724.682475	0.888503	115.625000	-257.617187
73724.684477	0.885934	9.745274	0.679101
73725.735015	0.533814	387.988281	43.750000
73725.737016	0.837440	387.988281	43.750000
73725.739019	0.888950	387.988281	43.750000
73725.741019	0.886269	9.748960	0.647487
73726.767013	0.500806	110.156250	-290.625000
73726.771013	0.889230	110.156250	-290.625000
73726.773015	0.886309	110.156250	-290.625000
73726.775015	0.884640	9.731041	0.619323
73727.815601	0.501514	393.457031	43.164062
73727.817604	0.818015	393.457031	43.164062
73727.819604	0.888849	393.457031	43.164062
73727.821603	0.885897	9.744866	0.693873
73728.848170	0.565794	107.617187	-310.253906
73728.850173	0.853348	107.617187	-310.253906
73728.852172	0.888158	107.617187	-310.253906
73728.854172	0.885636	9.741995	0.637026
73729.904180	0.438102	389.453125	43.261719
73729.906182	0.772423	389.453125	43.261719
73729.908182	0.891342	389.453125	43.261719
73729.910182	0.888281	9.771090	0.596186
73730.930203	0.775272	109.472656	-306.738281
73730.932207	0.889789	109.472656	-306.738281
73730.934205	0.886630	9.752931	0.648129
73731.986191	0.648497	373.535156	44.433594
73731.988193	0.880666	373.535156	44.433594
73731.990193	0.887380	373.535156	44.433594
73731.992192	0.885274	9.738015	0.753254
73733.010237	3.187468	111.816406	-299.121094
73733.012238	0.883494	111.816406	-299.121094
73733.014237	0.888772	111.816406	-299.121094
73733.016239	0.886487	9.751353	0.818418
73734.066819	0.625008	376.171875	43.652344
73734.068820	0.874906	376.171875	43.652344
73734.070820	0.887781	376.171875	43.652344
73734.072820	0.885530	9.740834	0.700193
73735.090862	0.632831	108.789062	-318.359375
73735.092862	0.877146	108.789062	-318.359375
73735.094862	0.887709	108.789062	-318.359375
73735.098861	0.884001	9.724013	0.757088
73736.146880	0.507674	371.289062	43.750000
73736.148882	0.822124	371.289062	43.750000
73736.150883	0.889328	371.289062	43.750000
73736.152883	0.886415	9.750565	0.624290
73737.170956	0.519773	110.742187	-313.378906
73737.172957	0.829226	110.742187	-313.378906
73737.174957	0.888632	110.742187	-313.378906
73737.178957	0.884207	9.726274	0.675400
73738.226993	0.394514	388.964844	42.968750
73738.228994	0.734768	388.964844	42.968750
73738.230995	0.889914	388.964844	42.968750
73738.232994	0.887418	9.761599	0.649811
73739.258979	0.356243	103.808594	-356.152344
73739.262980	0.888447	103.808594	-356.152344
73739.264981	0.887837	103.808594	-356.152344
73739.266981	0.885770	9.743475	0.630100
73740.317041	0.578517	360.253906	44.335937
73740.319043	0.859391	360.253906	44.335937
73740.321043	0.888800	360.253906	44.335937
73740.323045	0.886307	9.749377	0.577866
73741.341087	0.586623	105.273437	-352.441406
73741.343090	0.862484	105.273437	-352.441406
73741.345090	0.888483	105.273437	-352.441406
73741.347090	0.885973	9.745708	0.612463
73742.397069	0.455444	378.906250	42.968750
73742.399071	0.786049	378.906250	42.968750
73742.401070	0.890995	378.906250	42.968750
73742.403070	0.887901	9.766915	0.573873
73743.421102	0.460299	110.546875	-328.808594
73743.423105	0.789450	110.546875	-328.808594
73743.425105	0.889890	110.546875	-328.808594
73743.427106	0.886774	9.754518	0.654111
73744.477715	0.434421	362.988281	44.140625
73744.479718	0.769710	362.988281	44.140625
73744.481718	0.893415	362.988281	44.140625
73744.483718	0.890515	9.795665	0.594199
73745.503768	0.775941	109.667969	-340.429687
73745.507770	0.886485	109.667969	-340.429687
73745.509769	0.884801	9.732813	0.656917
73746.559793	0.657476	376.660156	43.847656
73746.561796	0.882438	376.660156	43.847656
73746.563795	0.887431	376.660156	43.847656
73746.565797	0.885254	9.737794	0.613113
73747.592331	0.715756	99.609375	-398.144531
73747.594332	0.888806	99.609375	-398.144531
73747.596332	0.887130	9.758426	0.590157
73748.640808	0.697979	373.144531	43.750000
73748.642811	0.888155	373.144531	43.750000
73748.644814	0.887682	9.764504	0.884551
73749.673751	0.806852	101.464844	-390.820312
73749.675751	0.889286	101.464844	-390.820312
73749.677753	0.886266	9.748925	0.601811
73750.721802	0.736416	370.019531	43.847656
73750.723803	0.888899	370.019531	43.847656
73750.725803	0.886438	9.750813	0.604325
73751.752347	0.458263	100.878906	-395.800781
73751.754348	0.788127	100.878906	-395.800781
73751.756348	0.890741	100.878906	-395.800781
73751.758349	0.887679	9.764469	0.612226
73752.802397	0.708853	370.117187	43.359375
73752.804400	0.888316	370.117187	43.359375
73752.806400	0.887038	9.757416	0.629715
73753.832967	0.432016	103.710937	-383.593750
73753.834970	0.767279	103.710937	-383.593750
73753.836969	0.891042	103.710937	-383.593750
73753.838969	0.888012	9.768130	0.619767
73754.878438	2.491937	371.679687	44.335937
73754.883763	0.794948	371.679687	44.335937
73754.885766	0.889232	371.679687	44.335937
73754.889765	0.884494	9.729437	0.628836
73755.916283	0.830319	101.367187	-398.730469
73755.918284	0.888875	101.367187	-398.730469
73755.920284	0.886127	9.747401	0.630564
73756.970765	0.474902	348.925781	45.117187
73756.972768	0.800099	348.925781	45.117187
73756.974767	0.889341	348.925781	45.117187
73756.976770	0.886335	9.749687	0.553111
73757.998776	0.889425	108.984375	-360.742187
73758.002776	0.884656	108.984375	-360.742187
73758.006778	0.882425	9.706678	0.635493
73759.055354	0.889410	365.527344	45.312500
73759.057357	0.886296	9.749253	0.569486
73760.083356	0.411973	99.707031	-409.375000
73760.085358	0.750214	99.707031	-409.375000
73760.087359	0.890058	99.707031	-409.375000
73760.089358	0.887178	9.758957	0.578554
73761.133378	0.657573	343.359375	45.996094
73761.135381	0.882357	343.359375	45.996094
73761.137380	0.887284	343.359375	45.996094
73761.139381	0.885173	9.736898	0.582083
73762.165434	0.635237	106.738281	-371.875000
73762.167436	0.877972	106.738281	-371.875000
73762.169437	0.888099	106.738281	-371.875000
73762.171437	0.885795	9.743740	0.671622
73763.215458	0.841413	343.847656	46.582031
73763.217458	0.888996	343.847656	46.582031
73763.219459	0.886258	9.748837	0.572646
73764.247469	0.823506	95.996094	-426.855469
73764.249470	0.888908	95.996094	-426.855469
73764.251468	0.886085	9.746931	0.573161
73765.293962	0.496191	359.667969	45.996094
73765.295965	0.814700	359.667969	45.996094
73765.297964	0.889422	359.667969	45.996094
73765.299963	0.886438	9.750813	0.596779
73766.326551	0.563572	97.949219	-418.359375
73766.328554	0.852157	97.949219	-418.359375
73766.330560	0.887958	97.949219	-418.359375
73766.332562	0.885526	9.740781	0.604778
73767.374619	0.477316	356.347656	47.167969
73767.376622	0.801727	356.347656	47.167969
73767.378623	0.889170	356.347656	47.167969
73767.380623	0.886077	9.746851	0.617898
73768.406682	0.453824	98.535156	-417.382812
73768.408682	0.784493	98.535156	-417.382812
73768.410684	0.890322	98.535156	-417.382812
73768.414681	0.885475	9.740222	0.612891
73769.464778	0.676216	349.804687	47.460937
73769.466782	0.886053	349.804687	47.460937
73769.468783	0.887096	349.804687	47.460937
73769.470782	0.885064	9.735703	0.542891
73770.487326	0.434770	107.519531	-374.023437
73770.489327	0.769208	107.519531	-374.023437
73770.491330	0.889575	107.519531	-374.023437
73770.495326	0.884694	9.731634	0.598412
73771.544281	0.464543	335.839844	49.023437
73771.546284	0.792786	335.839844	49.023437
73771.548283	0.890166	335.839844	49.023437
73771.550283	0.886981	9.756795	0.569473
73772.570304	0.796945	105.761719	-383.984375
73772.572304	0.890703	105.761719	-383.984375
73772.574307	0.887615	9.763769	0.610490
73773.624836	0.429971	340.917969	48.828125
73773.626838	0.765566	340.917969	48.828125
73773.628836	0.890684	340.917969	48.828125
73773.630837	0.887639	9.764027	0.567008
73774.648900	0.440889	103.808594	-395.312500
73774.650901	0.774514	103.808594	-395.312500
73774.652901	0.890657	103.808594	-395.312500
73774.654901	0.887561	9.763166	0.619022
73775.704951	0.314678	336.621094	49.316406
73775.706953	0.659434	336.621094	49.316406
73775.710952	0.888378	336.621094	49.316406
73775.712954	0.886147	336.621094	49.316406
73775.714954	0.884781	9.732592	0.580081
73776.738980	0.632632	103.222656	-397.363281
73776.740981	0.877258	103.222656	-397.363281
73776.742980	0.888061	103.222656	-397.363281
73776.744980	0.885755	9.743306	0.647261
73777.785908	0.349310	347.656250	50.097656
73777.787908	0.692402	347.656250	50.097656
73777.789910	0.886944	347.656250	50.097656
73777.791910	0.886860	9.755457	0.587370
73778.818462	0.413097	96.972656	-428.906250
73778.820464	0.751008	96.972656	-428.906250
73778.822464	0.889404	96.972656	-428.906250
73778.824464	0.886628	9.752905	0.564597
73779.868516	0.665475	349.023437	51.171875
73779.870518	0.883594	349.023437	51.171875
73779.872518	0.887149	349.023437	51.171875
73779.874518	0.885049	9.735535	0.587455
73780.899076	0.386588	97.851562	-428.417969
73780.901080	0.727492	97.851562	-428.417969
73780.905077	0.887421	97.851562	-428.417969
73780.907079	0.885559	9.741153	0.563855
73781.949082	0.628698	344.433594	51.562500
73781.951083	0.876003	344.433594	51.562500
73781.953084	0.887841	344.433594	51.562500
73781.957082	0.884169	9.725856	0.671345
73782.981620	0.689515	105.078125	-395.019531
73782.983621	0.886860	105.078125	-395.019531
73782.985623	0.887138	9.758514	0.838105
73784.028581	0.413432	332.324219	51.562500
73784.030582	0.751518	332.324219	51.562500
73784.032584	0.890223	332.324219	51.562500
73784.034583	0.887376	9.761137	0.618751
73785.060609	0.386027	107.324219	-387.695312
73785.062611	0.726927	107.324219	-387.695312
73785.064611	0.890047	107.324219	-387.695312
73785.066613	0.887920	9.767119	0.582002
73786.117568	0.418660	334.082031	52.148437
73786.119570	0.755976	334.082031	52.148437
73786.121569	0.890847	334.082031	52.148437
73786.123569	0.887940	9.767342	0.537737
73787.143586	0.758259	104.101562	-403.613281
73787.145586	0.889626	104.101562	-403.613281
73787.147587	0.886655	9.753205	0.590157
73788.198167	0.389211	325.585937	52.246094
73788.200168	0.729887	325.585937	52.246094
73788.202172	0.889512	325.585937	52.246094
73788.204171	0.887270	9.759968	0.540230
73789.230200	0.361402	99.316406	-427.343750
73789.232200	0.703958	99.316406	-427.343750
73789.234203	0.888677	99.316406	-427.343750
73789.236204	0.887685	9.764541	0.527748
73790.282204	0.869176	338.574219	51.953125
73790.284207	0.887495	338.574219	51.953125
73790.286207	0.885226	9.737484	0.556581
73791.310713	0.313237	96.289062	-442.578125
73791.312715	0.658052	96.289062	-442.578125
73791.314716	0.883349	96.289062	-442.578125
73791.316714	0.888410	96.289062	-442.578125
73791.318716	0.886173	9.747906	0.537796
73792.360758	0.569871	337.597656	51.562500
73792.362759	0.855093	337.597656	51.562500
73792.364760	0.888137	337.597656	51.562500
73792.366759	0.885659	9.742252	0.540104
73793.393682	0.694834	101.757812	-418.652344
73793.395684	0.887007	101.757812	-418.652344
73793.399682	0.884814	9.732955	0.532903
73794.442200	0.679501	338.964844	51.953125
73794.444204	0.886220	338.964844	51.953125
73794.446203	0.887158	9.758736	0.798467
73795.472158	0.298059	97.070312	-442.480469
73795.474158	0.643515	97.070312	-442.480469
73795.478156	0.887839	97.070312	-442.480469
73795.480157	0.885579	97.070312	-442.480469
73795.482158	0.884178	9.725954	0.555494
73796.522209	0.554369	335.449219	52.148437
73796.524210	0.847906	335.449219	52.148437
73796.526210	0.888246	335.449219	52.148437
73796.528210	0.885722	9.742943	0.587023
73797.554721	0.610111	94.824219	-453.515625
73797.556722	0.870498	94.824219	-453.515625
73797.558724	0.887882	94.824219	-453.515625
73797.560724	0.885568	9.741250	0.587157
73798.610724	0.478554	314.160156	51.855469
73798.612729	0.802476	314.160156	51.855469
73798.614729	0.807623	314.160156	51.855469
73798.616727	0.885810	9.743909	0.503670
73799.634749	0.483832	98.437500	-439.453125
73799.636753	0.806081	98.437500	-439.453125
73799.638754	0.889002	98.437500	-439.453125
73799.640754	0.886011	9.746124	0.558109
73800.692810	0.702973	313.378906	51.953125
73800.694811	0.887508	313.378906	51.953125
73800.696810	0.886659	9.753250	0.502367
73801.714873	0.373015	103.320312	-422.265625
73801.716874	0.714877	103.320312	-422.265625
73801.720873	0.887735	103.320312	-422.265625
73801.722876	0.885729	9.743014	0.568714
73802.771378	0.324700	319.531250	51.171875
73802.775378	0.884566	319.531250	51.171875
73802.777380	0.887662	319.531250	51.171875
73802.779379	0.885518	9.740701	0.521906
73803.795414	0.331743	101.074219	-433.691406
73803.797424	0.675606	101.074219	-433.691406
73803.799420	0.886976	101.074219	-433.691406
73803.801421	0.889191	101.074219	-433.691406
73803.803420	0.886949	9.756440	0.580512
73804.853453	0.552101	312.109375	51.757812
73804.855453	0.846957	312.109375	51.757812
73804.857457	0.888572	312.109375	51.757812
73804.859454	0.886002	9.746027	0.508247
73805.885480	0.523254	90.332031	-479.687500
73805.887482	0.538120	90.332031	-479.687500
73805.889482	0.888044	90.332031	-479.687500
73805.891481	0.885356	9.738919	0.518257
73806.933489	0.427749	323.144531	50.976562
73806.939487	0.887352	323.144531	50.976562
73806.941490	0.885476	323.144531	50.976562
73806.943489	0.884261	9.726867	0.525523
73807.967494	0.735382	99.707031	-443.457031
73807.969495	0.889306	99.707031	-443.457031
73807.971497	0.886853	9.755385	0.513709
73809.016019	0.727611	331.933594	51.171875
73809.018021	0.889013	331.933594	51.171875
73809.020019	0.886771	9.754482	0.526611
73810.048021	0.696849	102.636719	-432.128906
73810.050023	0.887724	102.636719	-432.128906
73810.052023	0.887323	9.760552	0.523611
73811.096069	0.606194	313.378906	51.464844
73811.098070	0.868862	313.378906	51.464844
73811.100070	0.887432	313.378906	51.464844
73811.102071	0.885148	9.736633	0.536282
73812.130099	0.858577	98.437500	-450.390625
73812.132100	0.887975	98.437500	-450.390625
73812.134099	0.885539	9.740932	0.522115
73813.176679	0.577712	328.222656	50.683594
73813.178680	0.859117	328.222656	50.683594
73813.180681	0.889070	328.222656	50.683594
73813.182680	0.886504	9.751539	0.540131
73814.211634	0.887968	90.722656	-483.007812
73814.213638	0.886790	90.722656	-483.007812
73814.215637	0.884850	9.733345	0.868157
73815.257645	0.612231	321.289062	51.367187
73815.259647	0.870692	321.289062	51.367187
73815.261649	0.887130	321.289062	51.367187
73815.263647	0.884780	9.732583	0.579598
73816.289692	0.586773	92.578125	-476.660156
73816.293692	0.887765	92.578125	-476.660156
73816.295696	0.885448	92.578125	-476.660156
73816.297702	0.883937	9.723305	0.542656
73817.337712	0.492256	328.125000	51.757812
73817.339715	0.811713	328.125000	51.757812
73817.341714	0.888660	328.125000	51.757812
73817.343714	0.885738	9.743120	0.564521
73818.372291	0.849858	90.820312	-484.960937
73818.374291	0.887926	90.820312	-484.960937
73818.376291	0.885415	9.739567	0.545828
73819.426776	0.510520	304.492187	51.660156
73819.428778	0.823663	304.492187	51.660156
73819.430778	0.888826	304.492187	51.660156
73819.432777	0.885993	9.745920	0.492869
73820.452851	0.831451	98.046875	-457.226562
73820.454854	0.834851	98.046875	-457.226562
73820.456854	0.885131	9.736438	0.554067
73821.512858	0.886468	320.605469	52.636719
73821.514860	0.884623	9.730855	0.487431
73822.531807	0.556036	98.242187	-457.910156
73822.533808	0.848763	98.242187	-457.910156
73822.535809	0.888425	98.242187	-457.910156
73822.537808	0.885828	9.744113	0.559637
73823.589837	0.762890	302.050781	52.832031
73823.591838	0.889481	302.050781	52.832031
73823.593838	0.886503	9.751531	0.495349
73824.619873	0.399159	87.402344	-497.558594
73824.621874	0.738787	87.402344	-497.558594
73824.623876	0.890601	87.402344	-497.558594
73824.625875	0.888117	9.769282	0.519042
73825.669923	0.654210	313.574219	52.636719
73825.671926	0.881390	313.574219	52.636719
73825.673926	0.886971	313.574219	52.636719
73825.675924	0.884832	9.733150	0.510328
73826.702495	0.718445	99.707031	-451.757812
73826.704496	0.889443	99.707031	-451.757812
73826.706495	0.887721	9.764931	0.498230
73827.748493	0.273658	304.199219	52.929687
73827.750494	0.620165	304.199219	52.929687
73827.752495	0.873340	304.199219	52.929687
73827.754494	0.887474	304.199219	52.929687
73827.756494	0.885249	9.737741	0.524287
73828.782564	0.599385	97.265625	-459.375000
73828.784567	0.866718	97.265625	-459.375000
73828.786565	0.887675	97.265625	-459.375000
73828.788566	0.885312	9.738432	0.496559
73829.831496	0.659149	319.042969	53.320312
73829.833498	0.882522	319.042969	53.320312
73829.835497	0.887166	319.042969	53.320312
73829.837500	0.885059	9.735649	0.696052
73830.861521	0.286424	88.281250	-494.726562
73830.863522	0.632359	88.281250	-494.726562
73830.865524	0.876552	88.281250	-494.726562
73830.867524	0.887255	88.281250	-494.726562
73830.869524	0.885045	9.735490	0.540132
73831.913526	0.836436	315.625000	53.906250
73831.915528	0.887928	315.625000	53.906250
73831.917526	0.885322	9.738539	0.517401
73832.944048	0.589583	91.210937	-483.300781
73832.946049	0.862907	91.210937	-483.300781
73832.948050	0.887319	91.210937	-483.300781
73832.950051	0.884953	9.734479	0.514764
73834.002115	0.797407	292.187500	54.394531
73834.004117	0.889016	292.187500	54.394531
73834.006117	0.885968	9.745646	0.448423
73835.024218	0.489671	94.628906	-471.191406
73835.026219	0.809941	94.628906	-471.191406
73835.028219	0.888461	94.628906	-471.191406
73835.030219	0.885553	9.741081	0.521909
73836.080217	0.357505	299.804687	54.687500
73836.082221	0.700181	299.804687	54.687500
73836.084218	0.887702	299.804687	54.687500
73836.086219	0.887022	9.757247	0.463339
73837.106212	0.698747	97.656250	-462.695312
73837.110211	0.887657	97.656250	-462.695312
73837.112214	0.885625	9.741871	0.840718
73838.160791	0.320245	292.773437	55.078125
73838.164791	0.883370	292.773437	55.078125
73838.166793	0.887029	292.773437	55.078125
73838.168793	0.884964	9.734604	0.475909
73839.184829	0.326246	93.457031	-477.050781
73839.186829	0.670235	93.457031	-477.050781
73839.188831	0.884102	93.457031	-477.050781
73839.190831	0.886699	93.457031	-477.050781
73839.192830	0.884630	9.730926	0.543646
73840.244878	0.843944	306.933594	56.152344
73840.246880	0.887764	306.933594	56.152344
73840.248880	0.885268	9.737945	0.468757
73841.269416	0.878586	100.097656	-452.929687
73841.271418	0.887086	100.097656	-452.929687
73841.273417	0.884911	9.734018	0.552187
73842.323976	0.603328	292.285156	56.152344
73842.325976	0.867745	292.285156	56.152344
73842.327976	0.887201	292.285156	56.152344
73842.329976	0.884968	9.734648	0.487000
73843.356010	0.577214	95.214844	-472.363281
73843.358012	0.858084	95.214844	-472.363281
73843.360012	0.887670	95.214844	-472.363281
73843.362012	0.885250	9.737750	0.465881
73844.408948	0.887478	287.890625	56.542969
73844.410949	0.885300	287.890625	56.542969
73844.412949	0.883882	9.722701	0.612127
73845.436969	0.610492	95.703125	-471.386719
73845.438971	0.870086	95.703125	-471.386719
73845.440969	0.887126	95.703125	-471.386719
73845.442969	0.884866	9.733531	0.487241
73846.487496	0.867934	288.085937	56.542969
73846.489499	0.887891	288.085937	56.542969
73846.491498	0.885535	9.740887	0.486239
73847.517556	0.580044	97.363281	-465.136719
73847.519559	0.859284	97.363281	-465.136719
73847.521558	0.887571	97.363281	-465.136719
73847.525557	0.883705	9.720760	0.478457
73848.565562	0.482288	290.527344	57.421875
73848.567564	0.805005	290.527344	57.421875
73848.571562	0.885959	290.527344	57.421875
73848.573564	0.884269	9.726964	0.509593
73849.597567	0.451214	97.363281	-466.894531
73849.599569	0.782322	97.363281	-466.894531
73849.601568	0.889926	97.363281	-466.894531
73849.603568	0.886829	9.755120	0.492249
73850.646478	0.507555	288.964844	57.714844
73850.648481	0.822281	288.964844	57.714844
73850.650483	0.890451	288.964844	57.714844
73850.652485	0.887523	9.762751	0.499040
73851.678548	0.488046	99.023437	-461.621094
73851.680549	0.808918	99.023437	-461.621094
73851.682550	0.813622	99.023437	-461.621094
73851.684548	0.885915	9.745070	0.498932
73852.734594	0.363122	287.597656	57.714844
73852.736596	0.705459	287.597656	57.714844
73852.738597	0.888562	287.597656	57.714844
73852.740597	0.887525	9.762776	0.441385
73853.760587	0.704707	95.312500	-475.585937
73853.762589	0.887333	95.312500	-475.585937
73853.764590	0.886293	9.749218	0.506161
73854.815207	0.335191	283.203125	57.812500
73854.817228	0.678873	283.203125	57.812500
73854.819233	0.886192	283.203125	57.812500
73854.821230	0.887236	283.203125	57.812500
73854.823231	0.885198	9.737173	0.447751
73855.839323	0.355489	90.527344	-492.773437
73855.841325	0.369910	90.527344	-492.773437
73855.845322	0.886526	90.527344	-492.773437
73855.847325	0.884537	9.729907	0.513347
73856.899340	0.854856	280.371094	57.617187
73856.901341	0.887762	280.371094	57.617187
73856.903343	0.885339	9.738733	0.444071
73857.921379	0.576200	92.187500	-488.281250
73857.923379	0.857705	92.187500	-488.281250
73857.925379	0.887672	92.187500	-488.281250
73857.927379	0.885251	9.737759	0.507986
73858.977397	0.449586	288.964844	58.007812
73858.979399	0.781211	288.964844	58.007812
73858.981400	0.890303	288.964844	58.007812
73858.985397	0.885357	9.738929	0.448225
73860.001407	0.451630	92.285156	-486.718750
73860.003410	0.782802	92.285156	-486.718750
73860.005411	0.890310	92.285156	-486.718750
73860.007410	0.887226	9.759489	0.523816
73861.057450	0.325155	283.593750	57.714844
73861.059451	0.669297	283.593750	57.714844
73861.061450	0.883726	283.593750	57.714844
73861.065451	0.884460	283.593750	57.714844
73861.067451	0.883072	9.713795	0.455507
73862.091515	0.647962	92.187500	-488.378906
73862.093518	0.880022	92.187500	-488.378906
73862.095516	0.886873	92.187500	-488.378906
73862.097520	0.884683	9.731510	0.612423
73863.138453	0.367309	284.375000	57.812500
73863.140457	0.709419	284.375000	57.812500
73863.142456	0.888946	284.375000	57.812500
73863.146453	0.885735	9.743085	0.481138
73864.174495	0.885674	90.820312	-493.945312
73864.176497	0.886609	90.820312	-493.945312
73864.178496	0.884582	9.730403	0.732819
73865.223095	0.886634	296.972656	57.910156
73865.225097	0.886997	9.756963	0.751194
73866.252024	0.470982	85.449219	-510.742187
73866.256025	0.889132	85.449219	-510.742187
73866.258028	0.886010	85.449219	-510.742187
73866.260027	0.884356	9.727912	0.468170
73867.302084	0.723003	295.019531	58.398437
73867.304087	0.728614	295.019531	58.398437
73867.306086	0.886418	9.750600	0.476041
73868.332684	0.449548	83.886719	-516.699219
73868.334682	0.781182	83.886719	-516.699219
73868.336683	0.890243	83.886719	-516.699219
73868.338684	0.887113	9.758240	0.488476
73869.384690	0.887373	295.312500	57.812500
73869.386690	0.886950	9.756449	0.480013
73870.415265	0.756758	82.812500	-519.824219
73870.417267	0.889946	82.812500	-519.824219
73870.419266	0.887032	9.757353	0.470484
73871.461715	0.398180	296.484375	57.324219
73871.463717	0.737829	296.484375	57.324219
73871.467715	0.887398	296.484375	57.324219
73871.469716	0.885514	9.740656	0.472772
73872.494288	0.464117	85.644531	-511.328125
73872.496291	0.791950	85.644531	-511.328125
73872.498292	0.889021	85.644531	-511.328125
73872.500291	0.885930	9.745230	0.480641
73873.544305	0.628233	298.242187	57.324219
73873.546309	0.887777	298.242187	57.324219
73873.548309	0.886389	9.750281	0.480865
73874.576830	0.761109	88.281250	-503.808594
73874.578832	0.889279	88.281250	-503.808594
73874.580831	0.886332	9.749652	0.490904
73875.630852	0.295112	291.992187	57.226562
73875.632853	0.640559	291.992187	57.226562
73875.634854	0.878969	291.992187	57.226562
73875.636854	0.887661	291.992187	57.226562
73875.638855	0.885453	9.739983	0.439534
73876.654841	0.292533	97.070312	-476.660156
73876.656844	0.638024	97.070312	-476.660156
73876.658842	0.877988	97.070312	-476.660156
73876.660843	0.887169	97.070312	-476.660156
73876.666841	0.882390	9.706288	0.519989
73877.712836	0.505889	277.246094	56.738281
73877.714836	0.820653	277.246094	56.738281
73877.716835	0.888631	277.246094	56.738281
73877.718837	0.885743	9.743174	0.419855
73878.738848	0.821775	89.941406	-498.730469
73878.740848	0.888256	89.941406	-498.730469
73878.742850	0.885448	9.739930	0.501812
73879.792833	0.371111	275.585937	57.031250
73879.794834	0.712980	275.585937	57.031250
73879.796834	0.889671	275.585937	57.031250
73879.798835	0.888266	9.770921	0.442595
73880.826858	0.686743	90.136719	-499.316406
73880.828863	0.886956	90.136719	-499.316406
73880.830868	0.887580	9.763380	0.742060
73881.875819	0.749796	289.746094	57.617187
73881.877822	0.888593	289.746094	57.617187
73881.879821	0.885823	9.744051	0.429978
73882.908419	0.804891	83.789062	-518.750000
73882.910422	0.888504	83.789062	-518.750000
73882.912422	0.885563	9.741188	0.439896
73883.954442	0.386701	290.136719	58.105469
73883.956441	0.727361	290.136719	58.105469
73883.958441	0.889654	290.136719	58.105469
73883.960441	0.887496	9.762458	0.430144
73884.987426	0.522298	80.273437	-527.246094
73884.989429	0.830317	80.273437	-527.246094
73884.991428	0.887880	80.273437	-527.246094
73884.993428	0.885233	9.737563	0.439080
73886.035423	0.421722	288.183594	58.593750
73886.037425	0.758329	288.183594	58.593750
73886.039425	0.890064	288.183594	58.593750
73886.041424	0.887053	9.757584	0.459849
73887.067972	0.484765	83.203125	-521.289062
73887.069975	0.806415	83.203125	-521.289062
73887.071975	0.888090	83.203125	-521.289062
73887.075972	0.883405	9.717455	0.454741
73888.118012	0.733091	283.593750	58.593750
73888.120015	0.888098	283.593750	58.593750
73888.122015	0.885753	9.743279	0.456557
73889.148072	0.369828	94.628906	-487.011719
73889.150074	0.711720	94.628906	-487.011719
73889.152073	0.888907	94.628906	-487.011719
73889.154074	0.887392	9.761314	0.460761
73890.198051	0.608724	275.976562	58.593750
73890.200050	0.869395	275.976562	58.593750
73890.202050	0.886894	275.976562	58.593750
73890.204051	0.884674	9.731413	0.491290
73891.232053	0.857753	93.164062	-489.746094
73891.234055	0.888176	93.164062	-489.746094
73891.236055	0.885711	9.742819	0.466943
73892.283021	0.887254	284.960937	59.375000
73892.285024	0.885024	9.735268	0.610821
73893.309543	0.357811	82.519531	-520.898437
73893.311544	0.700382	82.519531	-520.898437
73893.313544	0.887406	82.519531	-520.898437
73893.315545	0.886712	9.753835	0.482633
73894.367532	0.567138	266.992187	59.179687
73894.369532	0.853871	266.992187	59.179687
73894.371532	0.888085	266.992187	59.179687
73894.373531	0.885630	9.741933	0.397989
73895.391539	0.569306	89.746094	-501.464844
73895.393539	0.580416	89.746094	-501.464844
73895.395539	0.887929	89.746094	-501.464844
73895.397540	0.885479	9.740267	0.462901
73896.439543	0.473303	286.425781	60.546875
73896.441545	0.798579	286.425781	60.546875
73896.443545	0.888823	286.425781	60.546875
73896.445544	0.885823	9.744051	0.467578
73897.474093	0.835416	81.152344	-525.488281
73897.476096	0.887766	81.152344	-525.488281
73897.478096	0.885099	9.736093	0.467673
73898.528113	0.403623	268.554687	59.667969
73898.530113	0.742626	268.554687	59.667969
73898.534111	0.887100	268.554687	59.667969
73898.538111	0.885074	9.735809	0.415515
73899.552213	0.420801	87.890625	-506.640625
73899.554216	0.757535	87.890625	-506.640625
73899.556216	0.889738	87.890625	-506.640625
73899.558214	0.886872	9.755589	0.477257
73900.610343	0.653375	281.250000	60.839844
73900.612345	0.881019	281.250000	60.839844
73900.614344	0.886707	281.250000	60.839844
73900.616346	0.884496	9.729454	0.417655
73901.641260	0.435411	77.734375	-534.960937
73901.643260	0.769740	77.734375	-534.960937
73901.645262	0.889731	77.734375	-534.960937
73901.647261	0.886671	9.753383	0.431042
73902.689332	0.348922	282.226562	61.523437
73902.691336	0.691853	282.226562	61.523437
73902.693335	0.886905	282.226562	61.523437
73902.695335	0.886948	9.756423	0.421696
73903.723343	0.659716	79.589844	-530.078125
73903.727345	0.886611	79.589844	-530.078125
73903.729345	0.884605	79.589844	-530.078125
73903.731346	0.883125	9.714379	0.624362
73904.771372	0.566549	274.316406	61.914062
73904.775374	0.887573	274.316406	61.914062
73904.777374	0.885166	274.316406	61.914062
73904.779375	0.883627	9.719901	0.415390
73905.805397	0.838417	88.281250	-506.640625
73905.807399	0.887816	88.281250	-506.640625
73905.809400	0.885165	9.736810	0.412637
73906.851953	2.417047	279.101562	62.304687
73906.853954	0.837203	279.101562	62.304687
73906.857952	0.885026	279.101562	62.304687
73906.859955	0.883345	9.716790	0.421718
73907.885959	0.819212	78.027344	-534.277344
73907.887963	0.888561	78.027344	-534.277344
73907.889960	0.885729	9.743014	0.428334
73908.932006	0.414083	272.851562	62.890625
73908.934009	0.751838	272.851562	62.890625
73908.936008	0.890265	272.851562	62.890625
73908.938009	0.887445	9.761890	0.441235
73909.964066	0.390502	91.015625	-499.414062
73909.966068	0.730815	91.015625	-499.414062
73909.968069	0.889360	91.015625	-499.414062
73909.970067	0.887076	9.757841	0.436116
73911.012955	0.444039	281.152344	63.476562
73911.014956	0.777051	281.152344	63.476562
73911.016955	0.892036	281.152344	63.476562
73911.018956	0.889072	9.779793	0.457122
73912.048965	0.888831	78.906250	-531.933594
73912.050968	0.885982	9.745796	0.438815
73913.093015	0.320103	274.804687	63.085937
73913.095017	0.664281	274.804687	63.085937
73913.097016	0.882935	274.804687	63.085937
73913.099017	0.886603	274.804687	63.085937
73913.101018	0.884510	9.729614	0.451558
73914.129063	0.878485	90.429687	-500.683594
73914.131066	0.886726	90.429687	-500.683594
73914.133065	0.884511	9.729623	0.448412
73915.175636	0.640920	277.050781	63.378906
73915.177638	0.878614	277.050781	63.378906
73915.179639	0.887101	277.050781	63.378906
73915.181640	0.884978	9.734763	0.590816
73916.206557	0.424382	81.933594	-523.437500
73916.208560	0.760548	81.933594	-523.437500
73916.210561	0.768904	81.933594	-523.437500
73916.212561	0.887372	9.761093	0.447520
73917.256572	0.668104	263.183594	62.597656
73917.258572	0.883361	263.183594	62.597656
73917.260572	0.886377	263.183594	62.597656
73917.262571	0.884356	9.727912	0.451645
73918.286579	0.292558	93.164062	-492.480469
73918.288580	0.638027	93.164062	-492.480469
73918.292578	0.887018	93.164062	-492.480469
73918.294581	0.884759	93.164062	-492.480469
73918.296580	0.883353	9.716879	0.478127
73919.335544	0.361155	269.335937	63.183594
73919.337548	0.703541	269.335937	63.183594
73919.339551	0.888370	269.335937	63.183594
73919.341549	0.887456	9.762014	0.454261
73920.369585	0.675780	92.871094	-493.652344
73920.371580	0.886802	92.871094	-493.652344
73920.373580	0.888915	92.871094	-493.652344
73920.375582	0.886724	9.753968	0.711489
73921.427568	0.842946	255.468750	62.207031
73921.429568	0.887955	255.468750	62.207031
73921.431568	0.885364	9.738999	0.389822
73922.449634	0.555451	88.574219	-504.687500
73922.451636	0.847867	88.574219	-504.687500
73922.453636	0.887388	88.574219	-504.687500
73922.455637	0.884881	9.733690	0.463084
73923.507638	0.761927	256.347656	62.402344
73923.509640	0.889140	256.347656	62.402344
73923.511643	0.886148	9.747631	0.396004
73924.540162	0.805079	85.644531	-512.402344
73924.542163	0.888268	85.644531	-512.402344
73924.544163	0.885328	9.738609	0.395473
73925.586763	0.486894	268.554687	62.304687
73925.588765	0.807924	268.554687	62.304687
73925.590764	0.888113	268.554687	62.304687
73925.592763	0.885235	9.737581	0.400312
73926.619309	0.546792	74.121094	-541.308594
73926.621309	0.843680	74.121094	-541.308594
73926.623310	0.887415	74.121094	-541.308594
73926.625308	0.884889	9.733779	0.412839
73927.667370	0.459191	270.117187	62.792969
73927.669372	0.788258	270.117187	62.792969
73927.671372	0.889270	270.117187	62.792969
73927.673373	0.886159	9.747746	0.403777
73928.699932	0.522318	78.417969	-530.664062
73928.701935	0.830476	78.417969	-530.664062
73928.703934	0.888229	78.417969	-530.664062
73928.705935	0.885480	9.740275	0.407964
73929.747997	0.435171	270.312500	62.890625
73929.749997	0.769474	270.312500	62.890625
73929.751998	0.890287	270.312500	62.890625
73929.753997	0.887175	9.758922	0.411481
73930.780543	0.495461	76.367187	-535.253906
73930.782543	0.813811	76.367187	-535.253906
73930.784544	0.888597	76.367187	-535.253906
73930.786545	0.885693	9.742624	0.416304
73931.828609	0.408258	274.316406	62.890625
73931.830612	0.746597	274.316406	62.890625
73931.832612	0.889091	274.316406	62.890625
73931.834613	0.886286	9.749146	0.435258
73932.860641	0.379146	76.562500	-533.886719
73932.862643	0.720340	76.562500	-533.886719
73932.864643	0.889265	76.562500	-533.886719
73932.866644	0.887471	9.762183	0.441351
73933.910669	0.628920	271.289062	62.109375
73933.912671	0.875336	271.289062	62.109375
73933.914670	0.886868	271.289062	62.109375
73933.916671	0.884647	9.731112	0.522694
73934.941588	0.411730	81.250000	-522.558594
73934.943592	0.749500	81.250000	-522.558594
73934.945592	0.756117	81.250000	-522.558594
73934.947590	0.885791	9.743696	0.431436
73935.989650	0.321608	271.093750	62.402344
73935.991653	0.665735	271.093750	62.402344
73935.993653	0.883358	271.093750	62.402344
73935.995652	0.886800	271.093750	62.402344
73935.997653	0.884711	9.731821	0.424990
73937.022188	0.382211	89.062500	-502.929687
73937.026187	0.888503	89.062500	-502.929687
73937.028189	0.886538	89.062500	-502.929687
73937.030188	0.884596	9.730554	0.428439
73938.073154	0.780640	257.421875	61.035156
73938.075153	0.889403	257.421875	61.035156
73938.077153	0.886326	9.749581	0.423511
73939.103679	0.506033	77.050781	-531.445312
73939.105681	0.820314	77.050781	-531.445312
73939.107681	0.887786	77.050781	-531.445312
73939.109679	0.884960	9.734559	0.428689
73940.153710	0.749085	274.707031	62.695312
73940.155710	0.888762	274.707031	62.695312
73940.157712	0.885958	9.745540	0.958935
73941.183759	0.387818	80.371094	-524.511719
73941.185762	0.728282	80.371094	-524.511719
73941.187762	0.889453	80.371094	-524.511719
73941.189766	0.887306	9.760366	0.442432
73942.233817	0.641878	267.187500	62.304687
73942.235819	0.878287	267.187500	62.304687
73942.237819	0.886440	267.187500	62.304687
73942.239820	0.884245	9.726699	0.438704
73943.267835	0.869881	86.035156	-510.253906
73943.269837	0.886777	86.035156	-510.253906
73943.271838	0.884594	9.730536	0.480984
73944.324429	0.859440	249.511719	61.230469
73944.326428	0.887184	249.511719	61.230469
73944.328427	0.884815	9.732965	0.368826
73945.346465	0.588091	86.035156	-509.960937
73945.348467	0.862158	86.035156	-509.960937
73945.350467	0.887116	86.035156	-509.960937
73945.352465	0.884818	9.733000	0.447567
73946.402516	0.466538	250.292969	61.523437
73946.404516	0.793670	250.292969	61.523437
73946.406516	0.889077	250.292969	61.523437
73946.408521	0.885994	9.745938	0.385987
73947.435027	0.520846	82.031250	-519.433594
73947.437030	0.829391	82.031250	-519.433594
73947.439030	0.887606	82.031250	-519.433594
73947.441030	0.884912	9.734028	0.400176
73948.485589	0.828249	263.964844	62.695312
73948.487591	0.888581	263.964844	62.695312
73948.489591	0.885757	9.743324	0.373204
73949.518160	0.860067	71.191406	-542.382812
73949.520162	0.887429	71.191406	-542.382812
73949.524161	0.883598	9.719583	0.384236
73950.566163	0.807030	253.515625	62.402344
73950.568165	0.888185	253.515625	62.402344
73950.572163	0.883645	9.720097	0.383298
73951.596188	0.453650	82.714844	-516.210937
73951.598192	0.784228	82.714844	-516.210937
73951.600192	0.890328	82.714844	-516.210937
73951.602191	0.887158	9.758736	0.418082
73952.644717	0.445162	264.550781	63.867187
73952.646720	0.777712	264.550781	63.867187
73952.648720	0.782824	264.550781	63.867187
73952.650719	0.887927	9.767199	0.408475
73953.677265	0.506773	75.390625	-533.300781
73953.679266	0.820827	75.390625	-533.300781
73953.681267	0.824100	75.390625	-533.300781
73953.683266	0.884979	9.734772	0.401853
73954.725369	0.426691	260.937500	63.964844
73954.727372	0.762461	260.937500	63.964844
73954.729371	0.890086	260.937500	63.964844
73954.731370	0.887099	9.758089	0.401194
73955.757387	0.397077	75.488281	-532.812500
73955.759390	0.736739	75.488281	-532.812500
73955.761388	0.889723	75.488281	-532.812500
73955.763387	0.887151	9.758656	0.411116
73956.807399	0.641787	262.597656	64.648437
73956.811402	0.886927	262.597656	64.648437
73956.813406	0.884655	262.597656	64.648437
73956.815404	0.883151	9.714664	0.554093
73957.838309	0.421598	85.742187	-509.375000
73957.840313	0.758115	85.742187	-509.375000
73957.842311	0.889525	85.742187	-509.375000
73957.844312	0.886554	9.752098	0.424809
73958.887293	0.493945	261.621094	65.136719
73958.889293	0.812787	261.621094	65.136719
73958.891293	0.816483	261.621094	65.136719
73958.893294	0.885501	9.740515	0.408936
73959.919818	0.549964	75.585937	-532.226562
73959.921822	0.845190	75.585937	-532.226562
73959.923820	0.887314	75.585937	-532.226562
73959.925821	0.887182	9.759002	0.408223
73960.967840	0.455477	264.550781	65.234375
73960.969842	0.785493	264.550781	65.234375
73960.971841	0.889277	264.550781	65.234375
73960.973842	0.886140	9.747542	0.410424
73962.000804	0.585843	77.441406	-528.222656
73962.002807	0.861410	77.441406	-528.222656
73962.004806	0.887349	77.441406	-528.222656
73962.006807	0.885021	9.735232	0.408881
73963.050834	0.813341	260.644531	65.429687
73963.054836	0.885414	260.644531	65.429687
73963.056843	0.883823	9.722054	0.413533
73964.081374	0.552590	76.464844	-530.175781
73964.083375	0.846800	76.464844	-530.175781
73964.085375	0.887889	76.464844	-530.175781
73964.087375	0.885371	9.739079	0.415732
73965.129377	0.456683	257.910156	66.015625
73965.131379	0.786398	257.910156	66.015625
73965.135377	0.889499	257.910156	66.015625
73965.137379	0.886399	9.750387	0.419026
73966.163410	0.764269	88.378906	-503.710937
73966.165414	0.888956	88.378906	-503.710937
73966.167421	0.885973	9.745700	0.427348
73967.211405	0.671312	263.183594	66.992187
73967.213408	0.884365	263.183594	66.992187
73967.215407	0.886885	263.183594	66.992187
73967.217406	0.884833	9.733159	0.680862
73968.244339	0.975814	75.390625	-533.398437
73968.246340	0.889377	75.390625	-533.398437
73968.248340	0.886356	9.749918	0.434832
73969.298894	0.420226	246.679687	66.113281
73969.304892	0.885894	246.679687	66.113281
73969.306895	0.884051	246.679687	66.113281
73969.308895	0.882776	9.710533	0.367532
