num crossings	time (s)	maj axis (mm)	min axis (mm)	theta (rad )	slope (V/s)
28355	427938.819858	33.601833	16.462321	2.866652	3.786044
28357	427940.896088	34.858913	19.349620	2.818214	3.939562
28359	427942.975311	32.459180	15.963279	2.812127	5.306773
28361	427945.062362	33.825561	12.675829	2.936133	3.743869
28363	427947.143537	39.637829	18.048512	2.956831	3.804886
28365	427949.229084	36.891451	17.758540	2.938815	4.646691
28367	427951.312360	36.287776	15.510987	2.919241	4.064604
28369	427953.395614	32.851965	14.179972	2.921111	4.515609
28371	427955.484699	37.285733	15.503314	2.893648	4.696533
28373	427957.571246	36.433269	15.288766	2.892454	4.317948
28375	427959.652378	40.372703	18.121241	2.888053	4.949370
28377	427961.734826	37.231554	15.328878	2.925656	5.589327
28379	427963.818912	35.964834	15.211154	2.923165	5.150945
28381	427965.896967	38.602317	14.601616	2.915951	4.693027
28383	427967.979827	35.536882	9.897399	3.001439	5.003023
28385	427970.062018	37.070410	14.751306	2.930006	5.321251
28387	427972.140541	35.457442	14.355382	2.902681	4.368963
28389	427974.227298	37.033901	14.480626	2.939827	6.046499
28391	427976.310911	35.777810	11.180496	2.974489	5.178264
28393	427978.392472	33.780625	16.885230	3.038415	5.470629
28395	427980.482650	43.433269	15.352788	3.030042	5.340374
28397	427982.571416	37.326516	17.411507	2.918664	4.540041
28399	427984.650056	38.202405	15.174888	2.951971	6.067069
28401	427986.744658	42.034237	14.085817	3.015058	5.720921
28403	427988.829008	40.489619	16.437540	2.910145	3.941330
28405	427990.901518	42.163664	15.339242	3.049935	6.686187
28407	427992.994661	38.550424	15.586528	2.999618	6.320050
28409	427995.076074	37.384977	14.808207	2.966885	4.486307
28411	427997.152965	38.743532	16.092170	2.952102	5.726006
28413	427999.236745	39.860817	15.472304	3.057522	5.539900
28415	428001.315029	38.507931	13.292999	3.029817	5.497663
28417	428003.394716	39.232206	13.648885	2.981154	6.727201
28419	428005.480121	40.569656	10.796755	3.019331	5.669839
28421	428007.558037	38.859069	14.711701	3.004067	5.442293
28423	428009.643992	42.438158	13.533392	3.032114	5.833187
28425	428011.727592	38.449895	12.825161	3.086592	6.049694
28427	428013.814946	40.500344	12.903410	3.000983	6.655303
28429	428015.901174	38.574675	7.223849	3.050501	5.928143
28431	428017.984398	41.229080	13.216456	3.033330	5.885700
28433	428020.068921	39.734334	12.958226	3.008175	6.456421
28435	428022.152379	39.691057	12.386839	3.002726	6.617866
28437	428024.239556	34.974448	13.865502	3.048521	6.182050
28439	428026.320722	41.306644	12.445566	3.023403	5.762837
28441	428028.403213	39.296944	12.321265	3.011936	6.927896
28443	428030.488186	41.441166	12.870486	3.036451	5.937537
28445	428032.570306	38.800789	12.518111	3.033137	6.097750
28447	428034.652068	40.258387	12.888470	3.062205	6.282490
28449	428036.734963	40.666386	12.138818	3.034207	6.684678
28451	428038.819742	40.869427	11.900022	3.018263	6.278133
28453	428040.897760	39.701855	14.621351	3.060090	6.115209
28455	428042.980570	41.298846	12.111964	3.049661	6.999189
28457	428045.060118	42.942458	13.722959	3.012969	6.403281
28459	428047.142119	40.940271	11.934268	3.041032	6.517314
28461	428049.221634	39.417716	6.178589	3.104253	6.197556
28463	428051.302566	42.884381	12.734107	3.088972	6.536018
28465	428053.383984	47.566657	12.052061	3.083874	6.822109
28467	428055.460413	41.205914	11.430056	3.054055	6.057297
28469	428057.545677	40.651397	11.789308	3.077498	6.894558
28471	428059.626613	42.014193	11.426341	3.067624	6.249127
28473	428061.709819	41.144053	11.555523	3.063175	6.657048
28475	428063.797729	38.880442	11.240478	3.059390	7.065929
28477	428065.881708	41.323688	11.527680	3.085162	6.828197
28479	428067.967521	40.565880	11.730409	3.076118	6.265461
28481	428070.051042	38.093908	11.210481	3.049108	6.756378
28483	428072.134695	41.366343	12.335237	3.074521	6.462998
28485	428074.217454	41.988756	12.109026	3.140671	6.790182
28487	428076.297864	43.647521	11.213516	3.104643	6.492547
28489	428078.378685	52.357181	9.257976	3.205175	6.896046
28491	428080.461046	43.926810	12.443327	3.116447	6.818527
28493	428082.540123	42.746722	11.186642	3.090450	7.179800
28495	428084.619210	41.205885	11.947998	3.083622	7.126698
28497	428086.699605	42.432081	11.104154	3.105844	6.770908
28499	428088.780171	40.902837	11.581720	3.098446	6.875081
28501	428090.862879	46.059827	10.872666	3.117899	6.696836
28503	428092.946328	40.886141	10.803962	3.107901	7.385777
28505	428095.028469	53.304789	5.499767	3.171758	6.864755
28507	428097.113047	44.800280	10.403439	3.118024	7.107866
28509	428099.195820	41.357200	4.956232	3.135353	7.703207
28511	428101.280782	41.524876	10.730143	3.108181	6.884533
28513	428103.363808	46.173151	4.443136	3.133715	7.051689
28515	428105.444749	44.383178	10.472819	3.107324	7.457933
28517	428107.530058	42.692007	14.137589	3.228741	7.054807
28519	428109.611550	38.745027	11.026717	3.138804	7.041143
28521	428111.692712	42.954544	10.874965	3.132906	7.619238
28523	428113.777400	42.535420	9.716730	3.102058	6.755971
28525	428115.857828	41.904787	12.171400	3.128437	7.087954
28527	428117.938644	42.982008	10.234132	3.119205	7.371584
28529	428120.022152	47.579952	14.145778	3.181901	6.830767
28531	428122.101483	43.307308	10.946948	3.120658	7.113840
28533	428124.180985	40.973596	12.210366	3.127785	7.490278
28535	428126.261810	40.254607	3.826879	3.170492	7.133418
28537	428128.343294	45.547450	10.276938	3.149710	6.528763
28539	428130.423957	43.159270	9.654548	3.117364	7.774971
28541	428132.504394	45.018433	10.049661	3.116625	6.485930
28543	428134.586791	38.648087	5.350474	3.169792	7.197402
28545	428136.668747	41.150649	13.018404	3.133559	8.067554
28547	428138.752065	42.596164	9.783045	3.129338	7.365666
28549	428140.835391	42.775967	8.943451	3.120578	7.767649
28551	428142.920489	43.658510	10.154576	3.137293	7.440507
28553	428145.003322	43.665824	10.599116	3.149457	7.265914
28555	428147.085999	42.991351	9.713328	3.170668	7.700422
28557	428149.169993	42.181297	7.942351	3.114088	7.119318
28559	428151.251436	42.204450	8.889154	3.125951	7.098351
28561	428153.333807	42.932800	10.248040	3.141531	7.076593
28563	428155.414065	43.463040	9.382683	3.140914	7.722922
28565	428157.495013	45.275309	8.023213	3.158176	7.558116
28567	428159.574491	42.792392	8.100666	3.144609	7.288974
28569	428161.654789	44.689160	8.786125	3.151322	7.056856
28571	428163.735017	37.894925	9.746092	3.191369	7.927166
28573	428165.817356	43.381722	7.500336	3.141943	7.817084
28575	428167.896704	43.380865	11.217090	3.126678	6.773485
28577	428169.978748	43.919901	7.935433	3.145774	7.623934
28579	428172.062329	40.310892	3.623413	3.198725	7.587938
28581	428174.145395	43.304851	8.640653	3.152441	7.438070
28583	428176.227696	43.782550	8.358984	3.151405	7.633847
28585	428178.311218	44.170027	9.684246	3.171214	7.668300
28587	428180.393305	40.672036	11.084726	3.146736	7.515623
28589	428182.475560	39.700417	8.891376	3.174090	7.742541
28591	428184.559608	41.219493	8.195580	3.156732	7.426085
28593	428186.639627	46.164115	9.007255	3.182094	7.442406
28595	428188.722433	41.419237	8.834191	3.168568	7.906033
28597	428190.804407	45.405556	8.658013	3.170606	7.366274
28599	428192.886120	43.075287	9.397580	3.167889	7.583825
28601	428194.966494	43.697670	8.233407	3.160172	7.291781
28603	428197.047255	43.731094	7.263954	3.163775	7.684819
28605	428199.128071	44.372812	7.948052	3.166717	7.168410
28607	428201.207521	46.771004	2.813515	3.204094	8.227027
28609	428203.289899	40.040732	9.688974	3.156836	7.411644
28611	428205.371306	46.080894	3.166102	3.208520	7.794385
28613	428207.452225	43.773390	8.128034	3.174995	7.436185
28615	428209.534355	44.318758	7.504176	3.167359	7.926422
28617	428211.616963	43.828361	9.817211	3.198754	7.306896
28619	428213.699774	44.707301	8.049241	3.171929	7.693937
28621	428215.783631	47.387069	4.196212	3.180518	7.693528
28623	428217.865735	44.523870	8.152539	3.191211	7.797136
28625	428219.949661	44.189675	7.719967	3.175674	7.805439
28627	428222.031719	38.844513	5.356392	3.182697	7.525604
28629	428224.113295	41.621850	8.951799	3.184187	7.951003
28631	428226.195549	41.359029	8.742476	3.192234	7.189254
28633	428228.277386	43.682424	7.593511	3.185831	7.497511
28635	428230.356855	44.334104	7.266699	3.182424	7.853531
28637	428232.438130	48.591788	8.209600	3.248065	7.744057
28639	428234.518218	43.573196	7.293208	3.192497	7.971527
28641	428236.597254	42.127521	7.321004	3.201064	7.927508
28643	428238.679356	40.880410	7.083431	3.178576	7.801714
28645	428240.760885	45.255953	7.517077	3.187957	7.819168
28647	428242.842646	43.437612	8.448351	3.197702	7.795897
28649	428244.925288	50.214747	7.695832	3.246812	7.629075
28651	428247.006177	47.278179	5.915612	3.205431	7.893811
28653	428249.089172	36.983355	7.457503	3.144420	7.590691
28655	428251.172699	39.549556	7.685707	3.223428	8.166352
