time (s)	coil I (A)	last det (V)	int current (uC)
427943.335485	0.783255	309.863281	62.011719
427943.337488	1.103393	309.863281	62.011719
427943.339488	1.326964	309.863281	62.011719
427943.341488	1.337940	309.863281	62.011719
427943.343488	1.337795	14.715741	0.152077
427944.349444	0.472739	95.800781	-481.835937
427944.351452	0.807743	95.800781	-481.835937
427944.353450	1.126641	95.800781	-481.835937
427944.355450	1.332630	95.800781	-481.835937
427944.357450	1.337198	95.800781	-481.835937
427944.359451	1.334027	14.674301	0.153197
427945.433475	0.917648	319.726562	54.980469
427945.435478	1.224698	319.726562	54.980469
427945.437477	1.341223	319.726562	54.980469
427945.439477	1.336892	14.705807	0.124628
427946.413551	0.424266	101.464844	-467.187500
427946.415552	0.760907	101.464844	-467.187500
427946.417552	0.774962	101.464844	-467.187500
427946.419553	1.319455	101.464844	-467.187500
427946.421553	1.337052	101.464844	-467.187500
427946.423553	1.333658	14.670243	0.162672
427947.497631	0.882235	317.675781	57.128906
427947.499632	1.194472	317.675781	57.128906
427947.501633	1.340665	317.675781	57.128906
427947.503631	1.340711	14.747824	0.143061
427948.511653	0.585705	96.289062	-480.761719
427948.513656	0.916768	96.289062	-480.761719
427948.515656	1.223983	96.289062	-480.761719
427948.517656	1.341113	96.289062	-480.761719
427948.519655	1.336757	14.704327	0.144956
427949.591643	0.355212	321.289062	54.394531
427949.593645	0.694874	321.289062	54.394531
427949.595645	1.020098	321.289062	54.394531
427949.597647	1.293133	321.289062	54.394531
427949.599645	1.338108	321.289062	54.394531
427949.601645	1.334371	14.678077	0.143648
427950.607643	0.387213	91.015625	-493.359375
427950.609642	0.725303	91.015625	-493.359375
427950.611642	0.736941	91.015625	-493.359375
427950.613644	1.306945	91.015625	-493.359375
427950.615643	1.337893	91.015625	-493.359375
427950.617642	1.334327	14.677598	0.141265
427951.689725	0.513830	322.460937	53.906250
427951.691727	0.847313	322.460937	53.906250
427951.693734	1.163682	322.460937	53.906250
427951.695735	1.338658	322.460937	53.906250
427951.697736	1.337137	14.708502	0.122032
427952.672663	0.497195	99.414062	-472.460937
427952.674663	0.831181	99.414062	-472.460937
427952.676663	1.147476	99.414062	-472.460937
427952.678665	1.335700	99.414062	-472.460937
427952.680669	1.336176	99.414062	-472.460937
427952.682670	1.333102	14.664127	0.154077
427953.754652	0.605761	323.046875	53.906250
427953.756654	0.935786	323.046875	53.906250
427953.758654	1.238863	323.046875	53.906250
427953.760656	1.340493	323.046875	53.906250
427953.762654	1.336105	14.697158	0.148398
427954.768646	0.295995	96.484375	-478.906250
427954.770646	0.638319	96.484375	-478.906250
427954.774644	1.260856	96.484375	-478.906250
427954.776648	1.338732	96.484375	-478.906250
427954.778647	1.334545	14.679991	0.147960
427955.851193	0.503898	325.292969	51.660156
427955.853201	0.837770	325.292969	51.660156
427955.857197	1.338218	325.292969	51.660156
427955.859197	1.338061	325.292969	51.660156
427955.861196	1.335105	14.686151	0.132573
427956.867247	0.543526	91.699219	-488.281250
427956.869249	0.875965	91.699219	-488.281250
427956.873248	1.339934	91.699219	-488.281250
427956.875250	1.336493	91.699219	-488.281250
427956.877248	1.333629	14.669923	0.124799
427957.947811	0.411570	327.246094	51.562500
427957.951812	1.071048	327.246094	51.562500
427957.953813	1.315844	327.246094	51.562500
427957.955812	1.337569	327.246094	51.562500
427957.957814	1.334210	14.676313	0.105602
427958.933820	0.904774	93.457031	-482.910156
427958.935824	1.213739	93.457031	-482.910156
427958.937821	1.340552	93.457031	-482.910156
427958.939822	1.336456	14.701013	0.147319
427960.011882	0.356623	322.656250	55.468750
427960.015881	1.021141	322.656250	55.468750
427960.017882	1.293661	322.656250	55.468750
427960.019884	1.337941	322.656250	55.468750
427960.021883	1.334232	14.676553	0.137437
427961.027889	0.391650	97.167969	-472.070312
427961.029891	0.729432	97.167969	-472.070312
427961.033889	1.061588	97.167969	-472.070312
427961.035891	1.337605	97.167969	-472.070312
427961.037891	1.334114	14.675249	0.137084
427962.109936	0.511771	321.484375	55.566406
427962.111938	0.845254	321.484375	55.566406
427962.113944	1.160507	321.484375	55.566406
427962.115945	1.337405	321.484375	55.566406
427962.117945	1.336044	14.696484	0.109459
427963.125965	0.548662	92.871094	-476.757812
427963.127967	0.880912	92.871094	-476.757812
427963.129967	1.192922	92.871094	-476.757812
427963.131969	1.339317	92.871094	-476.757812
427963.133968	1.335840	14.694242	0.118587
427964.174469	0.535531	313.574219	61.035156
427964.176473	0.868188	313.574219	61.035156
427964.178471	1.181581	313.574219	61.035156
427964.180471	1.338720	313.574219	61.035156
427964.182471	1.335720	14.692921	0.132905
427965.190466	0.568645	100.585937	-457.519531
427965.192469	0.900145	100.585937	-457.519531
427965.194469	1.209781	100.585937	-457.519531
427965.196469	1.339851	100.585937	-457.519531
427965.198468	1.335817	14.693984	0.156148
427966.272500	0.683380	316.992187	55.371094
427966.274501	1.009136	316.992187	55.371094
427966.276501	1.287044	316.992187	55.371094
427966.278502	1.337945	316.992187	55.371094
427966.280503	1.334155	14.675702	0.116554
427967.286498	0.377314	103.417969	-448.730469
427967.288500	0.715667	103.417969	-448.730469
427967.290500	1.039942	103.417969	-448.730469
427967.292500	1.302436	103.417969	-448.730469
427967.294499	1.336895	103.417969	-448.730469
427967.296500	1.333333	14.666662	0.137695
427968.335434	1.816906	312.500000	59.472656
427968.337436	0.775736	312.500000	59.472656
427968.339436	1.096184	312.500000	59.472656
427968.341436	1.323673	312.500000	59.472656
427968.343435	1.336386	312.500000	59.472656
427968.345436	1.333102	14.664127	0.141296
427969.385468	0.685639	103.027344	-448.437500
427969.387469	1.011261	103.027344	-448.437500
427969.389468	1.021960	103.027344	-448.437500
427969.391470	1.337992	103.027344	-448.437500
427969.393470	1.334151	14.675657	0.122772
427970.433467	0.587285	315.429687	54.785156
427970.435467	0.918137	315.429687	54.785156
427970.437470	1.224771	315.429687	54.785156
427970.439470	1.340055	315.429687	54.785156
427970.441469	1.335818	14.694002	0.107877
427971.448393	0.439973	105.175781	-445.605469
427971.450396	0.775856	105.175781	-445.605469
427971.452394	1.096296	105.175781	-445.605469
427971.456394	1.336917	105.175781	-445.605469
427971.458394	1.336755	105.175781	-445.605469
427971.462394	1.329944	14.629379	0.151281
427972.498415	0.684089	318.652344	53.710937
427972.500418	1.009765	318.652344	53.710937
427972.502419	1.287303	318.652344	53.710937
427972.506416	1.333849	318.652344	53.710937
427972.508418	1.331384	14.645225	0.146641
427973.546500	0.600987	101.171875	-458.691406
427973.548502	0.931042	101.171875	-458.691406
427973.550503	1.234960	101.171875	-458.691406
427973.552501	1.339649	101.171875	-458.691406
427973.554501	1.335383	14.689217	0.157416
427974.594538	0.510453	323.535156	49.511719
427974.596540	0.843875	323.535156	49.511719
427974.598546	1.159148	323.535156	49.511719
427974.600552	1.337103	323.535156	49.511719
427974.602550	1.335843	14.694269	0.115018
427975.645116	0.844085	95.019531	-475.000000
427975.647122	1.159260	95.019531	-475.000000
427975.649128	1.337141	95.019531	-475.000000
427975.651127	1.335797	14.693771	0.104162
427976.691127	0.414906	332.324219	44.824219
427976.693127	0.751647	332.324219	44.824219
427976.695126	1.073624	332.324219	44.824219
427976.697127	1.315992	332.324219	44.824219
427976.699127	1.336479	332.324219	44.824219
427976.701127	1.333096	14.664057	0.110432
427977.707139	0.449283	93.164062	-481.835937
427977.709142	0.784776	93.164062	-481.835937
427977.711144	1.104857	93.164062	-481.835937
427977.713148	1.326382	93.164062	-481.835937
427977.715148	1.336333	93.164062	-481.835937
427977.717146	1.333043	14.663471	0.143601
427978.755147	0.350044	338.378906	43.652344
427978.757147	0.689473	338.378906	43.652344
427978.759148	1.014846	338.378906	43.652344
427978.761148	1.289738	338.378906	43.652344
427978.763148	1.336994	338.378906	43.652344
427978.765147	1.333218	14.665395	0.160821
427979.771161	0.388121	98.535156	-472.656250
427979.773165	0.725831	98.535156	-472.656250
427979.775164	1.049101	98.535156	-472.656250
427979.777163	1.306070	98.535156	-472.656250
427979.779164	1.336136	98.535156	-472.656250
427979.781164	1.332621	14.658828	0.143514
427980.852136	0.318794	344.726562	41.503906
427980.854137	0.659753	344.726562	41.503906
427980.856136	0.986739	344.726562	41.503906
427980.858136	1.273638	344.726562	41.503906
427980.860136	1.337789	344.726562	41.503906
427980.862137	1.333680	14.670482	0.133632
427981.870134	0.694991	84.765625	-496.093750
427981.872136	1.019919	84.765625	-496.093750
427981.874137	1.292413	84.765625	-496.093750
427981.876137	1.336923	84.765625	-496.093750
427981.878136	1.333149	14.664641	0.112970
427982.954192	1.129566	347.851562	40.527344
427982.956194	1.331859	347.851562	40.527344
427982.960194	1.332439	347.851562	40.527344
427982.962194	1.330404	14.634439	0.104697
427983.934195	0.640752	89.257812	-485.449219
427983.936198	0.968623	89.257812	-485.449219
427983.938197	1.261865	89.257812	-485.449219
427983.940197	1.337754	89.257812	-485.449219
427983.944197	1.331035	14.641386	0.361704
427985.014259	0.426364	346.386719	44.140625
427985.016261	0.762738	346.386719	44.140625
427985.018261	1.084153	346.386719	44.140625
427985.020260	1.319738	346.386719	44.140625
427985.022261	1.336602	346.386719	44.140625
427985.024264	1.333183	14.665013	0.134308
427986.030364	0.476743	83.203125	-493.554687
427986.032367	0.811224	83.203125	-493.554687
427986.034366	1.128894	83.203125	-493.554687
427986.036367	1.332078	83.203125	-493.554687
427986.038367	1.336139	83.203125	-493.554687
427986.040366	1.332900	14.661903	0.133170
427987.112432	0.597907	347.851562	42.675781
427987.114434	0.928066	347.851562	42.675781
427987.116434	1.232867	347.851562	42.675781
427987.118436	1.339596	347.851562	42.675781
427987.120436	1.335358	14.688942	0.144629
427988.126430	0.288185	84.570312	-486.230469
427988.128430	0.630579	84.570312	-486.230469
427988.130430	0.958979	84.570312	-486.230469
427988.132429	1.255441	84.570312	-486.230469
427988.134430	1.338471	84.570312	-486.230469
427988.136430	1.334211	14.676322	0.115878
427989.208437	0.404274	350.000000	41.699219
427989.210439	0.741428	350.000000	41.699219
427989.212438	1.063972	350.000000	41.699219
427989.214439	1.312445	350.000000	41.699219
427989.216439	1.336517	350.000000	41.699219
427989.218440	1.333044	14.663481	0.099586
427990.194463	0.902625	90.625000	-475.585937
427990.196467	1.211666	90.625000	-475.585937
427990.198464	1.338275	90.625000	-475.585937
427990.200466	1.334296	14.677254	0.130333
427991.272453	1.534225	349.316406	44.140625
427991.274455	0.678575	349.316406	44.140625
427991.276452	1.004425	349.316406	44.140625
427991.280452	1.337971	349.316406	44.140625
427991.282455	1.334074	349.316406	44.140625
427991.284454	1.331577	14.647351	0.120179
427992.288473	0.378564	83.984375	-485.156250
427992.290474	0.716673	83.984375	-485.156250
427992.294472	1.302708	83.984375	-485.156250
427992.296475	1.337101	83.984375	-485.156250
427992.298475	1.333463	14.668089	0.120693
427993.372612	0.845573	351.074219	42.480469
427993.376621	1.337109	351.074219	42.480469
427993.378623	1.335765	351.074219	42.480469
427993.380622	1.332710	14.659812	0.102551
427994.354693	0.686278	91.406250	-471.972656
427994.356695	1.011665	91.406250	-471.972656
427994.358694	1.287866	91.406250	-471.972656
427994.360695	1.336734	91.406250	-471.972656
427994.362693	1.332860	14.661460	0.142216
427995.437220	0.880627	352.148437	43.066406
427995.439222	0.894633	352.148437	43.066406
427995.441221	1.338084	352.148437	43.066406
427995.443222	1.334599	14.680585	0.129016
427996.451256	0.584707	81.347656	-489.941406
427996.453258	0.915483	81.347656	-489.941406
427996.455259	1.222458	81.347656	-489.941406
427996.457257	1.339122	81.347656	-489.941406
427996.459258	1.334977	14.684750	0.108027
427997.531289	0.364504	355.468750	40.429687
427997.533288	0.703233	355.468750	40.429687
427997.535289	1.027771	355.468750	40.429687
427997.539288	1.336597	355.468750	40.429687
427997.541292	1.332950	355.468750	40.429687
427997.543290	1.330585	14.636433	0.110039
427998.547316	0.402494	80.078125	-490.234375
427998.549318	0.739641	80.078125	-490.234375
427998.551317	1.062223	80.078125	-490.234375
427998.553318	1.311631	80.078125	-490.234375
427998.555318	1.336288	80.078125	-490.234375
427998.557318	1.332833	14.661167	0.099738
427999.595370	0.311083	355.468750	39.453125
427999.597374	0.652383	355.468750	39.453125
427999.599377	0.979613	355.468750	39.453125
427999.601376	1.269091	355.468750	39.453125
427999.605379	1.333284	355.468750	39.453125
427999.607378	1.330727	14.638002	0.146482
428000.611428	1.771341	92.187500	-470.996094
428000.613428	0.694012	92.187500	-470.996094
428000.615429	1.018989	92.187500	-470.996094
428000.617431	1.291851	92.187500	-470.996094
428000.619428	1.336821	92.187500	-470.996094
428000.621429	1.332968	14.662648	0.138240
428001.693496	0.480806	355.078125	37.207031
428001.695502	0.815135	355.078125	37.207031
428001.697505	1.132804	355.078125	37.207031
428001.699505	1.332700	355.078125	37.207031
428001.701505	1.335637	355.078125	37.207031
428001.703506	1.332368	14.656046	0.124606
428002.713512	1.162484	90.039062	-471.777344
428002.715514	1.336608	90.039062	-471.777344
428002.717516	1.335058	14.685637	0.117060
428003.758070	0.511752	349.414062	41.210937
428003.760072	0.845029	349.414062	41.210937
428003.762076	1.160062	349.414062	41.210937
428003.764075	1.335991	349.414062	41.210937
428003.766076	1.334666	14.681321	0.124217
428004.810086	1.075315	90.039062	-460.937500
428004.812087	1.316020	90.039062	-460.937500
428004.814089	1.335652	90.039062	-460.937500
428004.816087	1.332141	14.653546	0.094204
428005.854617	0.409579	345.800781	40.625000
428005.856620	0.746420	345.800781	40.625000
428005.858618	1.068572	345.800781	40.625000
428005.860618	1.314136	345.800781	40.625000
428005.862619	1.336475	345.800781	40.625000
428005.864619	1.333047	14.663516	0.092192
428006.871524	0.594663	96.289062	-441.015625
428006.873526	0.924950	96.289062	-441.015625
428006.875526	1.230309	96.289062	-441.015625
428006.879523	1.337104	96.289062	-441.015625
428006.883525	1.332581	14.658394	0.132754
428007.921537	0.834667	343.847656	43.945312
428007.923548	1.150384	343.847656	43.945312
428007.925548	1.336444	343.847656	43.945312
428007.927549	1.336457	14.701022	0.124562
428008.967568	0.408185	93.164062	-429.785156
428008.969571	0.745058	93.164062	-429.785156
428008.971570	1.067310	93.164062	-429.785156
428008.973570	1.313203	93.164062	-429.785156
428008.975568	1.335818	93.164062	-429.785156
428008.977569	1.332248	14.654733	0.117569
428010.017590	0.653329	340.917969	44.726562
428010.021591	0.990748	340.917969	44.726562
428010.023591	1.337494	340.917969	44.726562
428010.025594	1.333420	14.667619	0.101823
428011.036183	1.103421	96.582031	-417.871094
428011.038186	1.325222	96.582031	-417.871094
428011.040186	1.335644	96.582031	-417.871094
428011.042185	1.332280	14.655079	0.143480
428012.080223	0.354289	340.722656	47.070312
428012.082224	0.693433	340.722656	47.070312
428012.084225	1.018487	340.722656	47.070312
428012.086226	1.291596	340.722656	47.070312
428012.088224	1.336723	340.722656	47.070312
428012.090225	1.332874	14.661611	0.135469
428013.130250	0.602234	93.066406	-413.574219
428013.132251	0.932082	93.066406	-413.574219
428013.134250	1.235632	93.066406	-413.574219
428013.136250	1.339121	93.066406	-413.574219
428013.138250	1.334794	14.682738	0.160418
428014.178288	0.512149	343.164062	45.800781
428014.180289	0.845390	343.164062	45.800781
428014.182296	1.160405	343.164062	45.800781
428014.184294	1.336336	343.164062	45.800781
428014.186295	1.335084	14.685920	0.119338
428015.196328	0.882673	97.070312	-410.546875
428015.200328	1.338536	97.070312	-410.546875
428015.204329	1.332088	97.070312	-410.546875
428015.206330	1.330233	14.632560	0.126245
428016.274840	0.408561	345.703125	43.652344
428016.276840	0.745419	345.703125	43.652344
428016.278841	1.067621	345.703125	43.652344
428016.280843	1.313531	345.703125	43.652344
428016.282843	1.336086	345.703125	43.652344
428016.284843	1.332580	14.658376	0.091107
428017.294883	1.105999	89.941406	-417.480469
428017.296886	1.325804	89.941406	-417.480469
428017.300885	1.332056	89.941406	-417.480469
428017.302885	1.330100	14.631098	0.108710
428018.338887	0.350353	347.363281	47.167969
428018.340889	0.689625	347.363281	47.167969
428018.342889	1.014852	347.363281	47.167969
428018.344888	1.289494	347.363281	47.167969
428018.346888	1.336552	347.363281	47.167969
428018.348889	1.332659	14.659244	0.127585
428019.354895	0.384912	92.675781	-417.871094
428019.356897	0.722615	92.675781	-417.871094
428019.358898	1.045980	92.675781	-417.871094
428019.360898	1.304529	92.675781	-417.871094
428019.362899	1.335955	92.675781	-417.871094
428019.364899	1.332319	14.655504	0.150929
428020.437486	0.596224	353.222656	43.066406
428020.439489	0.926372	353.222656	43.066406
428020.441496	1.231393	353.222656	43.066406
428020.443494	1.339147	353.222656	43.066406
428020.445492	1.334992	14.684910	0.109908
428021.453575	0.641175	84.570312	-426.660156
428021.455575	0.968892	84.570312	-426.660156
428021.457578	1.261840	84.570312	-426.660156
428021.459577	1.337215	84.570312	-426.660156
428021.461575	1.332992	14.662912	0.316600
428022.504118	0.965453	353.613281	45.605469
428022.506119	1.259802	353.613281	45.605469
428022.508118	1.338504	353.613281	45.605469
428022.512117	1.331676	14.648441	0.331415
428023.516732	0.434822	90.429687	-424.707031
428023.518731	0.770635	90.429687	-424.707031
428023.520733	1.091249	90.429687	-424.707031
428023.522732	1.102808	90.429687	-424.707031
428023.524732	1.335463	90.429687	-424.707031
428023.526733	1.332032	14.652349	0.148623
428024.599242	0.632804	356.738281	42.480469
428024.601245	0.960953	356.738281	42.480469
428024.603244	1.256736	356.738281	42.480469
428024.607244	1.334298	356.738281	42.480469
428024.609247	1.331716	14.648875	0.283978
428025.615290	0.673557	82.617187	-431.542969
428025.617292	0.999488	82.617187	-431.542969
428025.619293	1.280796	82.617187	-431.542969
428025.621292	1.336327	82.617187	-431.542969
428025.623294	1.332421	14.656631	0.119411
428026.695905	0.550949	360.742187	39.550781
428026.697907	0.882831	360.742187	39.550781
428026.699909	1.194501	360.742187	39.550781
428026.701908	1.338349	360.742187	39.550781
428026.703906	1.334807	14.682880	0.094604
428027.677904	0.373888	85.742187	-431.152344
428027.679906	0.711998	85.742187	-431.152344
428027.683910	1.300635	85.742187	-431.152344
428027.685910	1.336535	85.742187	-431.152344
428027.687912	1.332863	14.661495	0.139902
428028.759943	0.491793	362.695312	39.941406
428028.765944	1.333556	362.695312	39.941406
428028.767946	1.334680	362.695312	39.941406
428028.769946	1.331399	14.645392	0.126342
428029.775983	0.532379	83.984375	-430.566406
428029.777985	0.864842	83.984375	-430.566406
428029.779983	1.178259	83.984375	-430.566406
428029.781986	1.337507	83.984375	-430.566406
428029.783984	1.334786	14.682650	0.119364
428030.857964	0.638318	363.867187	38.476562
428030.859967	0.966170	363.867187	38.476562
428030.861966	1.260211	363.867187	38.476562
428030.863967	1.338049	363.867187	38.476562
428030.865968	1.333900	14.672901	0.290806
428031.871966	0.332328	78.320312	-431.738281
428031.873969	0.672355	78.320312	-431.738281
428031.877967	1.280100	78.320312	-431.738281
428031.879970	1.336484	78.320312	-431.738281
428031.881969	1.332503	14.657534	0.092738
428032.924494	0.990167	364.355469	41.015625
428032.926497	1.003299	364.355469	41.015625
428032.928496	1.337016	364.355469	41.015625
428032.930497	1.332999	14.662985	0.442827
428033.937058	0.454417	86.328125	-423.730469
428033.939059	0.789530	86.328125	-423.730469
428033.941058	1.108626	86.328125	-423.730469
428033.943059	1.326037	86.328125	-423.730469
428033.947057	1.331454	86.328125	-423.730469
428033.949059	1.329465	14.624114	0.128490
428035.019115	0.572416	365.234375	38.085937
428035.021117	0.903633	365.234375	38.085937
428035.023117	1.212543	365.234375	38.085937
428035.025116	1.339012	365.234375	38.085937
428035.029114	1.332190	14.654086	0.103869
428036.035184	0.619023	79.003906	-423.242187
428036.037187	0.947871	79.003906	-423.242187
428036.039186	1.247247	79.003906	-423.242187
428036.041187	1.338331	79.003906	-423.242187
428036.043187	1.334099	14.675090	0.100578
428037.083788	0.623442	364.746094	41.699219
428037.085789	0.952061	364.746094	41.699219
428037.087790	1.250545	364.746094	41.699219
428037.089789	1.338928	364.746094	41.699219
428037.091788	1.334680	14.681479	0.270985
428038.099805	0.659076	87.695312	-412.304687
428038.101806	0.985838	87.695312	-412.304687
428038.103807	1.272769	87.695312	-412.304687
428038.105806	1.337217	87.695312	-412.304687
428038.107814	1.333176	14.664933	0.417896
428039.179835	0.437926	364.453125	39.453125
428039.181837	0.773682	364.453125	39.453125
428039.183837	1.094088	364.453125	39.453125
428039.185835	1.322076	364.453125	39.453125
428039.187835	1.335345	364.453125	39.453125
428039.189836	1.335174	14.686913	0.103765
428040.199863	1.127811	81.738281	-407.031250
428040.201866	1.331413	81.738281	-407.031250
428040.203866	1.335508	81.738281	-407.031250
428040.205865	1.332267	14.654938	0.103787
428041.278414	0.676276	364.257812	37.988281
428041.280417	1.002097	364.257812	37.988281
428041.282417	1.282452	364.257812	37.988281
428041.284417	1.336845	364.257812	37.988281
428041.286416	1.332945	14.662399	0.089480
428042.262430	0.839653	83.300781	-399.511719
428042.264448	1.155015	83.300781	-399.511719
428042.266453	1.335973	83.300781	-399.511719
428042.268453	1.335073	83.300781	-399.511719
428042.270455	1.331994	14.651934	0.134040
428043.342509	0.627694	362.109375	41.894531
428043.344510	0.956044	362.109375	41.894531
428043.346510	1.253132	362.109375	41.894531
428043.348511	1.338047	362.109375	41.894531
428043.350511	1.333780	14.671580	0.258479
428044.356500	0.320130	82.617187	-387.402344
428044.358502	0.660788	82.617187	-387.402344
428044.360502	0.987415	82.617187	-387.402344
428044.362502	1.273573	82.617187	-387.402344
428044.366500	1.332481	82.617187	-387.402344
428044.368503	1.329975	14.629724	0.122692
428045.438547	0.441943	362.011719	38.183594
428045.440549	0.777499	362.011719	38.183594
428045.442548	1.097640	362.011719	38.183594
428045.444549	1.323866	362.011719	38.183594
428045.446549	1.336120	362.011719	38.183594
428045.450547	1.330643	14.637071	0.087412
428046.454616	1.716019	83.105469	-377.050781
428046.456620	0.819866	83.105469	-377.050781
428046.460617	1.332529	83.105469	-377.050781
428046.462618	1.334641	83.105469	-377.050781
428046.464618	1.331449	14.645942	0.095780
428047.503278	0.499439	360.253906	40.429687
428047.507278	1.148812	360.253906	40.429687
428047.509279	1.334223	360.253906	40.429687
428047.511279	1.334459	360.253906	40.429687
428047.513279	1.331300	14.644302	0.105946
428048.521296	0.866827	92.187500	-370.605469
428048.523299	1.180026	92.187500	-370.605469
428048.525298	1.337411	92.187500	-370.605469
428048.527297	1.334520	14.679725	0.127749
428049.600273	0.474729	359.179687	38.476562
428049.602275	0.809111	359.179687	38.476562
428049.604276	1.126784	359.179687	38.476562
428049.608273	1.335075	359.179687	38.476562
428049.610275	1.331822	359.179687	38.476562
428049.612275	1.329885	14.628731	0.085284
428050.618298	0.843803	88.769531	-364.453125
428050.620300	1.158774	88.769531	-364.453125
428050.624304	1.336186	88.769531	-364.453125
428050.626306	1.333200	14.665199	0.108611
428051.668328	1.075823	360.937500	40.039062
428051.670330	1.315818	360.937500	40.039062
428051.672332	1.335077	360.937500	40.039062
428051.674330	1.331620	14.647821	0.105312
428052.712414	0.333373	82.910156	-358.398437
428052.714416	0.372462	82.910156	-358.398437
428052.716416	0.999336	82.910156	-358.398437
428052.718415	1.280787	82.910156	-358.398437
428052.720417	1.336549	82.910156	-358.398437
428052.722416	1.332552	14.658074	0.094243
428053.762433	0.577937	361.621094	36.914062
428053.764435	0.908920	361.621094	36.914062
428053.766434	1.216748	361.621094	36.914062
428053.768434	1.338693	361.621094	36.914062
428053.770435	1.334549	14.680036	0.080152
428054.778450	0.615265	93.457031	-367.675781
428054.780452	0.944211	93.457031	-367.675781
428054.782452	1.245043	93.457031	-367.675781
428054.784452	1.340889	93.457031	-367.675781
428054.786453	1.336516	14.701677	0.114177
428055.827440	0.685122	366.210937	37.500000
428055.829444	1.010399	366.210937	37.500000
428055.833440	1.336554	366.210937	37.500000
428055.835444	1.332560	366.210937	37.500000
428055.837441	1.330286	14.633145	0.102417
428056.875507	0.599277	87.304687	-376.269531
428056.877508	0.929113	87.304687	-376.269531
428056.879508	1.233116	87.304687	-376.269531
428056.881510	1.339163	87.304687	-376.269531
428056.883510	1.334921	14.684130	0.121898
428057.924469	0.664115	368.652344	34.179687
428057.926473	0.990520	368.652344	34.179687
428057.928470	1.275502	368.652344	34.179687
428057.930470	1.336594	368.652344	34.179687
428057.934471	1.330141	14.631549	0.085432
428058.938950	0.439105	87.011719	-389.648437
428058.940952	0.774746	87.011719	-389.648437
428058.944952	1.322451	87.011719	-389.648437
428058.946952	1.335319	87.011719	-389.648437
428058.948952	1.331927	14.651197	0.126876
428059.986976	0.343701	375.097656	33.300781
428059.988985	0.683190	375.097656	33.300781
428059.990985	1.009757	375.097656	33.300781
428059.992985	1.286625	375.097656	33.300781
428059.994985	1.336308	375.097656	33.300781
428059.996986	1.332338	14.655718	0.119514
428061.043045	1.338320	82.812500	-398.535156
428061.045046	1.334001	82.812500	-398.535156
428061.047047	1.331308	14.644382	0.097097
428062.085613	0.597947	379.785156	29.687500
428062.087615	0.927927	379.785156	29.687500
428062.089614	1.232483	379.785156	29.687500
428062.091615	1.340803	379.785156	29.687500
428062.093616	1.336400	14.700400	0.099887
428063.101683	0.642312	85.156250	-410.742187
428063.103684	0.969857	85.156250	-410.742187
428063.105685	1.262250	85.156250	-410.742187
428063.107685	1.336633	85.156250	-410.742187
428063.109687	1.332397	14.656364	0.317676
428064.148599	0.360712	385.351562	31.347656
428064.150598	0.699434	385.351562	31.347656
428064.152601	1.023887	385.351562	31.347656
428064.154602	1.046708	385.351562	31.347656
428064.156599	1.336033	385.351562	31.347656
428064.158601	1.332256	14.654813	0.129773
428065.197618	0.437351	76.269531	-413.574219
428065.199621	0.773029	76.269531	-413.574219
428065.201621	1.093436	76.269531	-413.574219
428065.203621	1.321991	76.269531	-413.574219
428065.205622	1.335373	76.269531	-413.574219
428065.207621	1.331995	14.651942	0.089063
428066.245708	0.353056	387.011719	28.320312
428066.247709	0.692105	387.011719	28.320312
428066.249713	1.016971	387.011719	28.320312
428066.251711	1.290590	387.011719	28.320312
428066.253711	1.336131	387.011719	28.320312
428066.255712	1.332295	14.655247	0.107980
428067.261770	0.397065	80.078125	-414.746094
428067.269770	1.335793	80.078125	-414.746094
428067.271771	1.332182	80.078125	-414.746094
428067.273771	1.332115	14.653263	0.109916
428068.344319	0.600842	388.476562	28.222656
428068.346320	0.930582	388.476562	28.222656
428068.348322	1.234172	388.476562	28.222656
428068.350320	1.337941	388.476562	28.222656
428068.354318	1.330982	14.640801	0.126451
428069.360382	2.510380	74.609375	-411.816406
428069.362385	0.968097	74.609375	-411.816406
428069.364384	1.261197	74.609375	-411.816406
428069.366384	1.337120	74.609375	-411.816406
428069.368385	1.332916	14.662080	0.294169
428070.410404	0.879256	390.820312	29.882812
428070.412405	1.191265	390.820312	29.882812
428070.414406	1.339014	390.820312	29.882812
428070.416410	1.335553	14.691078	0.115971
428071.424927	0.668806	79.589844	-408.007812
428071.426927	0.994934	79.589844	-408.007812
428071.428929	1.278184	79.589844	-408.007812
428071.430926	1.336772	79.589844	-408.007812
428071.432927	1.332709	14.659795	0.442623
428072.505003	0.456393	390.722656	28.515625
428072.507004	0.791335	390.722656	28.515625
428072.509004	1.110332	390.722656	28.515625
428072.511005	1.329124	390.722656	28.515625
428072.513005	1.338297	390.722656	28.515625
428072.515006	1.335108	14.686186	0.092894
428073.521085	0.499413	74.316406	-403.417969
428073.523088	0.832826	74.316406	-403.417969
428073.525088	1.148659	74.316406	-403.417969
428073.527090	1.335101	74.316406	-403.417969
428073.529090	1.335384	74.316406	-403.417969
428073.531089	1.332186	14.654051	0.091207
428074.569658	0.501421	393.554687	30.664062
428074.571659	0.834769	393.554687	30.664062
428074.575669	1.337203	393.554687	30.664062
428074.577668	1.337169	393.554687	30.664062
428074.579669	1.334157	14.675728	0.122204
428075.585674	0.534506	75.195312	-400.683594
428075.587676	0.866777	75.195312	-400.683594
428075.589678	1.179940	75.195312	-400.683594
428075.591674	1.336826	75.195312	-400.683594
428075.593676	1.333996	14.673955	0.114199
428076.667719	0.653485	392.285156	27.734375
428076.669720	0.980463	392.285156	27.734375
428076.671722	1.269181	392.285156	27.734375
428076.675724	1.332687	392.285156	27.734375
428076.677727	1.330284	14.633119	0.102183
428077.681755	0.353915	75.390625	-400.195312
428077.683754	0.692853	75.390625	-400.195312
428077.685756	1.017650	75.390625	-400.195312
428077.687755	1.290861	75.390625	-400.195312
428077.689756	1.336198	75.390625	-400.195312
428077.691755	1.332389	14.656275	0.091361
428078.730676	0.414390	396.093750	30.468750
428078.732678	0.750793	396.093750	30.468750
428078.734679	1.072527	396.093750	30.468750
428078.736679	1.314999	396.093750	30.468750
428078.738677	1.335505	396.093750	30.468750
428078.740677	1.332020	14.652217	0.125491
428079.745626	0.263592	82.812500	-397.558594
428079.747626	0.606920	82.812500	-397.558594
428079.749628	0.936296	82.812500	-397.558594
428079.751627	1.238557	82.812500	-397.558594
428079.753626	1.338569	82.812500	-397.558594
428079.755629	1.334278	14.677058	0.126476
428080.827620	0.378713	393.066406	26.953125
428080.829622	0.716574	393.066406	26.953125
428080.831623	1.040169	393.066406	26.953125
428080.833622	1.301973	393.066406	26.953125
428080.835622	1.336130	393.066406	26.953125
428080.837623	1.332479	14.657268	0.103978
428081.843648	0.417033	78.906250	-394.628906
428081.845649	0.753327	78.906250	-394.628906
428081.847648	1.074911	78.906250	-394.628906
428081.849651	1.315775	78.906250	-394.628906
428081.851649	1.335543	78.906250	-394.628906
428081.853649	1.332007	14.652075	0.097487
428082.892648	0.486827	394.335937	29.101562
428082.894650	0.820678	394.335937	29.101562
428082.896652	1.137349	394.335937	29.101562
428082.898652	1.332977	394.335937	29.101562
428082.900652	1.335158	394.335937	29.101562
428082.902652	1.331948	14.651428	0.123596
428083.941222	0.487900	75.488281	-381.347656
428083.943224	0.821740	75.488281	-381.347656
428083.945224	1.138411	75.488281	-381.347656
428083.947227	1.333355	75.488281	-381.347656
428083.949225	1.335352	75.488281	-381.347656
428083.951225	1.332111	14.653218	0.085375
428084.989213	0.388654	390.332031	27.246094
428084.991214	0.726051	390.332031	27.246094
428084.993214	1.049108	390.332031	27.246094
428084.995216	1.305674	390.332031	27.246094
428084.997214	1.335644	390.332031	27.246094
428084.999213	1.332037	14.652412	0.092565
428086.005253	0.427933	83.886719	-374.511719
428086.007254	0.763819	83.886719	-374.511719
428086.009255	1.084729	83.886719	-374.511719
428086.011255	1.318729	83.886719	-374.511719
428086.013255	1.334981	83.886719	-374.511719
428086.015257	1.331586	14.647449	0.111018
428087.057313	1.000362	389.257812	30.078125
428087.059315	1.281146	389.257812	30.078125
428087.061314	1.336247	389.257812	30.078125
428087.063313	1.332196	14.654158	0.118384
428088.103401	0.594309	82.324219	-352.929687
428088.105401	0.924380	82.324219	-352.929687
428088.107401	1.229298	82.324219	-352.929687
428088.109400	1.338223	82.324219	-352.929687
428088.111401	1.334013	14.674142	0.093841
428089.151419	0.502332	383.496094	29.882812
428089.153419	0.835654	383.496094	29.882812
428089.155430	1.151173	383.496094	29.882812
428089.157428	1.337140	383.496094	29.882812
428089.159429	1.337042	383.496094	29.882812
428089.161430	1.333977	14.673743	0.088906
428090.169451	0.870788	91.308594	-340.820312
428090.171452	1.183557	91.308594	-340.820312
428090.173451	1.337550	91.308594	-340.820312
428090.175451	1.334437	14.678812	0.127333
428091.218021	0.871156	384.277344	34.082031
428091.220022	0.882854	384.277344	34.082031
428091.222022	1.337588	384.277344	34.082031
428091.224023	1.334480	14.679282	0.113380
428092.266044	0.781355	87.988281	-323.632812
428092.268047	1.100977	87.988281	-323.632812
428092.270046	1.323717	87.988281	-323.632812
428092.272045	1.334661	87.988281	-323.632812
428092.274047	1.331255	14.643806	0.096940
428093.314049	0.686381	379.980469	33.203125
428093.316054	1.011573	379.980469	33.203125
428093.318053	1.287840	379.980469	33.203125
428093.320055	1.336358	379.980469	33.203125
428093.322054	1.332538	14.657915	0.504102
428094.361036	0.418445	81.640625	-299.316406
428094.363037	0.754717	81.640625	-299.316406
428094.365038	0.766275	81.640625	-299.316406
428094.367037	1.316362	81.640625	-299.316406
428094.369038	1.335604	81.640625	-299.316406
428094.371037	1.332125	14.653378	0.086852
428095.381076	1.112340	380.566406	34.082031
428095.383078	1.327294	380.566406	34.082031
428095.387077	1.331903	380.566406	34.082031
428095.389077	1.331820	14.650019	0.115610
428096.425103	0.364320	85.742187	-295.214844
428096.427104	0.702738	85.742187	-295.214844
428096.429105	1.027010	85.742187	-295.214844
428096.431104	1.295480	85.742187	-295.214844
428096.433104	1.335847	85.742187	-295.214844
428096.435105	1.332049	14.652544	0.105704
428097.475149	0.611584	379.394531	34.570312
428097.477151	0.940684	379.394531	34.570312
428097.479150	1.241888	379.394531	34.570312
428097.481149	1.338239	379.394531	34.570312
428097.483150	1.333963	14.673592	0.182207
428098.525196	0.857237	79.101562	-281.738281
428098.527199	1.171125	79.101562	-281.738281
428098.529199	1.337385	79.101562	-281.738281
428098.531199	1.335034	14.685379	0.084499
428099.571300	0.444402	380.566406	33.203125
428099.573300	0.779716	380.566406	33.203125
428099.575300	1.099531	380.566406	33.203125
428099.577300	1.323486	380.566406	33.203125
428099.579300	1.334811	380.566406	33.203125
428099.581302	1.331432	14.645746	0.087535
428100.587317	0.478991	83.886719	-288.378906
428100.589318	0.813030	83.886719	-288.378906
428100.591318	1.130300	83.886719	-288.378906
428100.595316	1.334436	83.886719	-288.378906
428100.597319	1.331190	83.886719	-288.378906
428100.599318	1.329281	14.622093	0.097741
428101.637849	0.806538	384.082031	35.937500
428101.639849	0.820398	384.082031	35.937500
428101.641850	1.329662	384.082031	35.937500
428101.643849	1.334397	384.082031	35.937500
428101.645849	1.331143	14.642574	0.101044
428102.684453	0.477955	77.441406	-275.683594
428102.686454	0.812006	77.441406	-275.683594
428102.688455	1.129348	77.441406	-275.683594
428102.690456	1.330542	77.441406	-275.683594
428102.692456	1.331532	77.441406	-275.683594
428102.694454	1.331013	14.641139	0.077575
428103.732495	0.387237	383.593750	34.277344
428103.734497	0.724691	383.593750	34.277344
428103.736497	1.047736	383.593750	34.277344
428103.738497	1.304903	383.593750	34.277344
428103.740497	1.335327	383.593750	34.277344
428103.742499	1.331776	14.649540	0.086856
428104.748506	0.421740	83.593750	-287.207031
428104.750509	0.757842	83.593750	-287.207031
428104.752506	1.079114	83.593750	-287.207031
428104.754507	1.316732	83.593750	-287.207031
428104.756506	1.334745	83.593750	-287.207031
428104.758507	1.331268	14.643948	0.101251
428105.796497	0.320614	388.574219	36.621094
428105.798498	0.661086	388.574219	36.621094
428105.800499	0.987594	388.574219	36.621094
428105.802499	1.273548	388.574219	36.621094
428105.804498	1.336375	388.574219	36.621094
428105.806500	1.332326	14.655584	0.113251
428106.816503	1.017654	82.519531	-285.937500
428106.818506	1.290492	82.519531	-285.937500
428106.820505	1.335568	82.519531	-285.937500
428106.822505	1.331747	14.649221	0.127641
428107.894491	0.466623	388.867187	34.472656
428107.896494	0.801139	388.867187	34.472656
428107.898494	1.119336	388.867187	34.472656
428107.900493	1.328828	388.867187	34.472656
428107.902494	1.334853	388.867187	34.472656
428107.906491	1.329537	14.624904	0.082883
428108.912512	0.834895	81.738281	-283.105469
428108.914516	1.150460	81.738281	-283.105469
428108.916526	1.335968	81.738281	-283.105469
428108.918525	1.335795	14.693746	0.093862
428109.992627	2.007141	387.304687	31.250000
428109.994628	0.957626	387.304687	31.250000
428109.996627	1.254035	387.304687	31.250000
428109.998628	1.337499	387.304687	31.250000
428110.000627	1.333222	14.665440	0.243446
428111.008665	0.668046	76.855469	-276.757812
428111.010667	0.994103	76.855469	-276.757812
428111.012668	1.277371	76.855469	-276.757812
428111.014667	1.336026	76.855469	-276.757812
428111.016669	1.332033	14.652368	0.082219
428112.057181	0.657376	390.527344	34.375000
428112.059186	0.984068	390.527344	34.375000
428112.061183	1.271336	390.527344	34.375000
428112.063184	1.336230	390.527344	34.375000
428112.065185	1.332171	14.653883	0.386456
428113.073164	0.685644	77.441406	-273.242187
428113.075166	1.010800	77.441406	-273.242187
428113.077173	1.287151	77.441406	-273.242187
428113.079180	1.336022	77.441406	-273.242187
428113.081179	1.332076	14.652837	0.107668
428114.153231	0.472515	388.574219	30.957031
428114.155232	0.806876	388.574219	30.957031
428114.157231	1.124671	388.574219	30.957031
428114.159233	1.329732	388.574219	30.957031
428114.161230	1.334320	388.574219	30.957031
428114.163232	1.331030	14.641325	0.073800
428115.169261	0.509632	77.050781	-267.968750
428115.171264	0.842637	77.050781	-267.968750
428115.173269	1.157576	77.050781	-267.968750
428115.175272	1.335599	77.050781	-267.968750
428115.177273	1.334427	14.678697	0.081720
428116.220196	0.900303	390.234375	32.324219
428116.222198	1.209394	390.234375	32.324219
428116.224197	1.337425	390.234375	32.324219
428116.226197	1.333422	14.667638	0.102044
428117.236252	0.977789	81.347656	-271.582031
428117.238255	1.241150	81.347656	-271.582031
428117.240255	1.339473	81.347656	-271.582031
428117.242253	1.335145	14.686594	0.184154
428118.314870	0.489866	389.453125	30.566406
428118.316871	0.823641	389.453125	30.566406
428118.318872	1.140114	389.453125	30.566406
428118.320870	1.333128	389.453125	30.566406
428118.322869	1.334713	389.453125	30.566406
428118.324870	1.331471	14.646182	0.074832
428119.332857	0.852932	74.023437	-246.875000
428119.334858	1.167176	74.023437	-246.875000
428119.336858	1.338746	74.023437	-246.875000
428119.338858	1.336946	14.706401	0.083678
428120.378871	0.424827	392.968750	33.789062
428120.380872	0.760749	392.968750	33.789062
428120.382873	1.081896	392.968750	33.789062
428120.384873	1.091679	392.968750	33.789062
428120.386873	1.334599	392.968750	33.789062
428120.388873	1.331163	14.642797	0.095710
428121.395809	0.614107	81.054687	-253.417969
428121.397810	0.943013	81.054687	-253.417969
428121.399810	1.243426	81.054687	-253.417969
428121.401810	1.337775	81.054687	-253.417969
428121.403811	1.333440	14.667841	0.114137
428122.475917	0.407359	388.671875	30.859375
428122.477918	0.743982	388.671875	30.859375
428122.479920	1.066031	388.671875	30.859375
428122.481918	1.312225	388.671875	30.859375
428122.483918	1.335117	388.671875	30.859375
428122.485919	1.331606	14.647671	0.075513
428123.495951	1.100503	82.714844	-251.074219
428123.497953	1.323584	82.714844	-251.074219
428123.499953	1.334639	82.714844	-251.074219
428123.501953	1.331281	14.644091	0.096282
428124.540901	0.509997	391.406250	32.617187
428124.542905	0.842957	391.406250	32.617187
428124.546906	1.335789	391.406250	32.617187
428124.548905	1.334751	391.406250	32.617187
428124.550905	1.331646	14.648105	0.092954
428125.588951	0.419723	77.441406	-232.226562
428125.590954	0.755805	77.441406	-232.226562
428125.592953	1.077120	77.441406	-232.226562
428125.594952	1.315992	77.441406	-232.226562
428125.596955	1.334683	77.441406	-232.226562
428125.598954	1.331150	14.642645	0.080301
428126.637004	0.327529	389.160156	29.492187
428126.639005	0.667637	389.160156	29.492187
428126.641007	0.993793	389.160156	29.492187
428126.643006	1.277203	389.160156	29.492187
428126.645005	1.336128	389.160156	29.492187
428126.647008	1.332116	14.653271	0.076110
428127.653057	0.372573	80.957031	-236.914062
428127.655060	0.710586	80.957031	-236.914062
428127.657059	1.034358	80.957031	-236.914062
428127.659059	1.298938	80.957031	-236.914062
428127.661059	1.335641	80.957031	-236.914062
428127.663058	1.331894	14.650834	0.100806
428128.701106	0.277513	392.578125	31.250000
428128.703107	0.620051	392.578125	31.250000
428128.705106	0.631213	392.578125	31.250000
428128.707105	1.247704	392.578125	31.250000
428128.711106	1.333628	392.578125	31.250000
428128.713107	1.331001	14.641006	0.097838
428129.751135	0.529412	81.347656	-240.917969
428129.753136	0.861790	81.347656	-240.917969
428129.755138	1.175296	81.347656	-240.917969
428129.757136	1.336735	81.347656	-240.917969
428129.759138	1.334158	14.675737	0.082939
428130.799713	0.530420	391.601562	29.492187
428130.801716	0.862766	391.601562	29.492187
428130.803714	1.176119	391.601562	29.492187
428130.805714	1.336954	391.601562	29.492187
428130.807715	1.334331	14.677643	0.077958
428131.817780	0.902850	87.792969	-253.613281
428131.819782	1.211512	87.792969	-253.613281
428131.821782	1.337335	87.792969	-253.613281
428131.823784	1.333360	14.666964	0.109792
428132.864331	0.568524	396.777344	28.906250
428132.866332	0.899662	396.777344	28.906250
428132.868333	1.208889	396.777344	28.906250
428132.870335	1.338058	396.777344	28.906250
428132.872334	1.334106	14.675161	0.098682
428133.912337	0.474682	81.542969	-253.515625
428133.914340	0.808805	81.542969	-253.515625
428133.916340	1.126364	81.542969	-253.515625
428133.918339	1.329857	81.542969	-253.515625
428133.920341	1.334080	81.542969	-253.515625
428133.922340	1.330914	14.640049	0.087336
428134.960374	0.380523	396.582031	25.878906
428134.962373	0.718166	396.582031	25.878906
428134.964371	1.041532	396.582031	25.878906
428134.966370	1.302126	396.582031	25.878906
428134.968373	1.335377	396.582031	25.878906
428134.970372	1.331787	14.649655	0.075312
428135.978398	0.755581	81.347656	-269.824219
428135.980399	1.076954	81.347656	-269.824219
428135.982400	1.316350	81.347656	-269.824219
428135.984400	1.335214	81.347656	-269.824219
428135.986400	1.331773	14.649505	0.110149
428137.024421	0.322333	404.394531	25.781250
428137.026421	0.662700	404.394531	25.781250
428137.028423	0.989097	404.394531	25.781250
428137.030423	1.274438	404.394531	25.781250
428137.032423	1.336335	404.394531	25.781250
428137.036421	1.329918	14.629094	0.098773
428138.074461	0.572704	78.222656	-276.660156
428138.076462	0.903730	78.222656	-276.660156
428138.078463	1.212425	78.222656	-276.660156
428138.080463	1.338965	78.222656	-276.660156
428138.082463	1.334873	14.683606	0.081901
428139.124525	0.820403	407.031250	23.730469
428139.126526	1.137005	407.031250	23.730469
428139.128528	1.332022	407.031250	23.730469
428139.130527	1.334119	407.031250	23.730469
428139.132527	1.330923	14.640155	0.080816
428140.139045	0.607437	84.472656	-298.242187
428140.141046	0.936684	84.472656	-298.242187
428140.143047	1.238608	84.472656	-298.242187
428140.145050	1.337558	84.472656	-298.242187
428140.147049	1.333219	14.665412	0.112131
428141.187015	0.505250	416.406250	24.804687
428141.189017	0.838411	416.406250	24.804687
428141.191038	1.153728	416.406250	24.804687
428141.193041	1.335119	416.406250	24.804687
428141.195043	1.334085	416.406250	24.804687
428141.197043	1.333942	14.673363	0.114362
428142.237114	0.760346	75.976562	-293.359375
428142.243115	1.335273	75.976562	-293.359375
428142.247115	1.329736	75.976562	-293.359375
428142.249122	1.328136	14.609491	0.080984
428143.283673	0.422004	414.648437	21.582031
428143.285677	0.757974	414.648437	21.582031
428143.287676	0.770154	414.648437	21.582031
428143.289676	1.316804	414.648437	21.582031
428143.291675	1.334827	414.648437	21.582031
428143.293676	1.331344	14.644781	0.093392
428144.301719	0.796795	78.222656	-303.906250
428144.303721	1.115236	78.222656	-303.906250
428144.305721	1.327597	78.222656	-303.906250
428144.307726	1.334526	78.222656	-303.906250
428144.309727	1.331243	14.643673	0.104780
428145.380336	0.332944	413.769531	20.507812
428145.382336	0.672817	413.769531	20.507812
428145.384339	0.998639	413.769531	20.507812
428145.386338	1.280125	413.769531	20.507812
428145.388337	1.336164	413.769531	20.507812
428145.390338	1.332139	14.653528	0.076779
428146.396315	0.364983	72.851562	-299.609375
428146.398318	0.703217	72.851562	-299.609375
428146.400317	1.027330	72.851562	-299.609375
428146.402316	1.295442	72.851562	-299.609375
428146.404318	1.335495	72.851562	-299.609375
428146.406316	1.331718	14.648893	0.075364
428147.450325	1.237021	419.628906	21.972656
428147.452327	1.336960	419.628906	21.972656
428147.454327	1.332628	14.658908	0.151372
428148.460888	0.397419	74.707031	-297.460937
428148.462890	0.734365	74.707031	-297.460937
428148.464891	1.056820	74.707031	-297.460937
428148.466889	1.308536	74.707031	-297.460937
428148.468889	1.334877	74.707031	-297.460937
428148.472888	1.329258	14.621837	0.102503
428149.542921	0.514039	416.601562	20.214844
428149.544921	0.846854	416.601562	20.214844
428149.546921	1.161510	416.601562	20.214844
428149.548921	1.336004	416.601562	20.214844
428149.552920	1.331598	14.647573	0.083619
428150.558943	0.550124	69.531250	-285.742187
428150.560945	0.881798	69.531250	-285.742187
428150.562944	1.193290	69.531250	-285.742187
428150.564946	1.337679	69.531250	-285.742187
428150.566947	1.334225	14.676473	0.077420
428151.607026	0.468034	421.777344	22.167969
428151.609026	0.802359	421.777344	22.167969
428151.611029	1.120402	421.777344	22.167969
428151.613029	1.328665	421.777344	22.167969
428151.617026	1.331084	421.777344	22.167969
428151.619027	1.329124	14.620365	0.101545
428152.625055	0.838383	76.855469	-295.703125
428152.627080	1.153634	76.855469	-295.703125
428152.629083	1.334653	76.855469	-295.703125
428152.631084	1.333583	76.855469	-295.703125
428152.633085	1.330579	14.636371	0.096389
428153.703603	0.369254	418.750000	20.507812
428153.705607	0.707322	418.750000	20.507812
428153.707605	1.031281	418.750000	20.507812
428153.709606	1.297129	418.750000	20.507812
428153.713604	1.331311	418.750000	20.507812
428153.715606	1.329189	14.621075	0.085257
428154.721620	0.742270	71.679687	-284.472656
428154.723622	1.064230	71.679687	-284.472656
428154.725622	1.311295	71.679687	-284.472656
428154.727623	1.334777	71.679687	-284.472656
428154.729623	1.331289	14.644178	0.083534
428155.770172	0.737827	423.828125	21.679687
428155.772173	1.060085	423.828125	21.679687
428155.774172	1.309708	423.828125	21.679687
428155.776174	1.334825	423.828125	21.679687
428155.778173	1.331282	14.644098	0.110902
428156.816220	0.307843	67.285156	-268.554687
428156.818223	0.648884	67.285156	-268.554687
428156.820222	0.975978	67.285156	-268.554687
428156.822222	1.266174	67.285156	-268.554687
428156.824221	1.336401	67.285156	-268.554687
428156.826222	1.332172	14.653891	0.070364
428157.870285	1.203482	419.140625	20.019531
428157.872287	1.336927	419.140625	20.019531
428157.874292	1.333034	14.663374	0.085423
428158.880767	0.335500	72.167969	-275.195312
428158.882768	0.352635	72.167969	-275.195312
428158.884768	1.000690	72.167969	-275.195312
428158.886768	1.281235	72.167969	-275.195312
428158.888770	1.336004	72.167969	-275.195312
428158.890768	1.332081	14.652890	0.090456
428159.930814	0.585692	421.191406	21.484375
428159.932817	0.915977	421.191406	21.484375
428159.934815	1.222374	421.191406	21.484375
428159.936816	1.337773	421.191406	21.484375
428159.938815	1.333631	14.669941	0.106781
428160.978884	0.503328	71.972656	-256.445312
428160.982914	1.151900	71.972656	-256.445312
428160.984915	1.334529	71.972656	-256.445312
428160.986918	1.333546	71.972656	-256.445312
428160.988916	1.330587	14.636460	0.072664
428162.026944	0.416469	415.332031	20.703125
428162.028947	0.752692	415.332031	20.703125
428162.030946	1.074125	415.332031	20.703125
428162.032946	1.314885	415.332031	20.703125
428162.034946	1.334615	415.332031	20.703125
428162.036948	1.331216	14.643372	0.080122
428163.042938	0.448370	82.421875	-262.109375
428163.044944	0.783344	82.421875	-262.109375
428163.046942	1.102968	82.421875	-262.109375
428163.048941	1.324005	82.421875	-262.109375
428163.050942	1.334285	82.421875	-262.109375
428163.052940	1.330948	14.640429	0.096963
428164.092975	0.693703	417.871094	23.046875
428164.094976	1.018312	417.871094	23.046875
428164.096976	1.290862	417.871094	23.046875
428164.098975	1.335681	417.871094	23.046875
428164.100978	1.331871	14.650578	0.554562
428165.139877	0.411925	79.492187	-239.550781
428165.141878	0.748309	79.492187	-239.550781
428165.143885	1.069996	79.492187	-239.550781
428165.145885	1.314181	79.492187	-239.550781
428165.147888	1.335159	79.492187	-239.550781
428165.149887	1.331622	14.647847	0.080627
428166.189956	0.665599	410.937500	23.046875
428166.191959	0.991722	410.937500	23.046875
428166.195957	1.335703	410.937500	23.046875
428166.201956	1.327726	410.937500	23.046875
428166.203959	1.326297	14.589268	0.069327
428167.204535	0.458345	85.937500	-228.906250
428167.206536	0.793001	85.937500	-228.906250
428167.208536	1.111698	85.937500	-228.906250
428167.210536	1.326473	85.937500	-228.906250
428167.212536	1.334203	85.937500	-228.906250
428167.214537	1.330888	14.639766	0.107942
428168.253530	0.528946	412.890625	25.097656
428168.255532	0.861320	412.890625	25.097656
428168.257531	1.174748	412.890625	25.097656
428168.259531	1.335872	412.890625	25.097656
428168.261531	1.333269	14.665961	0.094527
428169.301526	0.430778	80.371094	-200.585937
428169.303526	0.766473	80.371094	-200.585937
428169.305527	1.087180	80.371094	-200.585937
428169.307527	1.319542	80.371094	-200.585937
428169.309529	1.334889	80.371094	-200.585937
428169.311531	1.331484	14.646323	0.088445
428170.351517	0.669905	408.007812	25.781250
428170.353519	0.995821	408.007812	25.781250
428170.355520	1.278334	408.007812	25.781250
428170.357521	1.335990	408.007812	25.781250
428170.359520	1.332034	14.652376	0.074661
428171.401541	0.905867	76.367187	-173.046875
428171.403544	1.214071	76.367187	-173.046875
428171.405543	1.337602	76.367187	-173.046875
428171.407544	1.333460	14.668062	0.070336
428172.413557	0.269288	413.964844	28.222656
428172.415558	0.612191	413.964844	28.222656
428172.417558	0.941151	413.964844	28.222656
428172.419561	1.242366	413.964844	28.222656
428172.421561	1.339332	413.964844	28.222656
428172.423563	1.334976	14.684741	0.104212
428173.464135	0.611209	83.203125	-179.589844
428173.466136	0.940223	83.203125	-179.589844
428173.468135	1.241794	83.203125	-179.589844
428173.470135	1.340021	83.203125	-179.589844
428173.472137	1.335706	14.692771	0.173786
428174.512144	0.516105	408.691406	27.343750
428174.514144	0.848783	408.691406	27.343750
428174.516147	1.163281	408.691406	27.343750
428174.518143	1.335444	408.691406	27.343750
428174.520145	1.333768	14.671448	0.081154
428175.560692	0.511591	76.464844	-154.003906
428175.562697	0.844460	76.464844	-154.003906
428175.566699	1.334964	76.464844	-154.003906
428175.570697	1.330714	76.464844	-154.003906
428175.572700	1.328905	14.617955	0.068430
428176.578736	0.882055	414.550781	29.589844
428176.580736	1.193441	414.550781	29.589844
428176.582735	1.336651	414.550781	29.589844
428176.584735	1.333040	14.663436	0.096616
428177.624749	0.455499	80.761719	-160.058594
428177.626750	0.790269	80.761719	-160.058594
428177.628750	1.109167	80.761719	-160.058594
428177.630750	1.325833	80.761719	-160.058594
428177.634750	1.330953	80.761719	-160.058594
428177.636750	1.328990	14.618886	0.091000
428178.673296	0.450364	411.621094	28.320312
428178.675298	0.785315	411.621094	28.320312
428178.677299	1.104572	411.621094	28.320312
428178.679299	1.324706	411.621094	28.320312
428178.681300	1.334468	411.621094	28.320312
428178.683298	1.331145	14.642591	0.087694
428179.689884	0.582945	81.250000	-156.738281
428179.691885	0.913436	81.250000	-156.738281
428179.693885	1.220253	81.250000	-156.738281
428179.695887	1.337197	81.250000	-156.738281
428179.697885	1.332978	14.662764	0.112482
428180.769934	0.363289	406.445312	26.464844
428180.771939	0.701612	406.445312	26.464844
428180.773937	0.730779	406.445312	26.464844
428180.775941	1.294958	406.445312	26.464844
428180.777940	1.335358	406.445312	26.464844
428180.779939	1.331655	14.648203	0.068006
428181.785989	0.406462	79.492187	-154.101562
428181.787989	0.742930	79.492187	-154.101562
428181.789990	1.064864	79.492187	-154.101562
428181.791990	1.311527	79.492187	-154.101562
428181.793990	1.334636	79.492187	-154.101562
428181.795990	1.331187	14.643063	0.089509
428182.836558	0.423374	414.257812	28.613281
428182.838560	1.063772	414.257812	28.613281
428182.840560	1.310912	414.257812	28.613281
428182.842559	1.334351	414.257812	28.613281
428182.844560	1.330924	14.640164	0.088721
428183.883547	1.729335	73.242187	-131.250000
428183.887546	0.816439	73.242187	-131.250000
428183.889547	1.329477	73.242187	-131.250000
428183.891549	1.333547	73.242187	-131.250000
428183.893549	1.330381	14.634190	0.069025
428184.931605	0.387431	410.351562	27.050781
428184.933607	0.724761	410.351562	27.050781
428184.935608	1.047711	410.351562	27.050781
428184.937608	1.304700	410.351562	27.050781
428184.939607	1.334941	410.351562	27.050781
428184.941605	1.331264	14.643904	0.070711
428185.947636	0.425375	79.199219	-147.460937
428185.949638	0.761201	79.199219	-147.460937
428185.951638	1.082078	79.199219	-147.460937
428185.953638	1.317415	79.199219	-147.460937
428185.955638	1.334405	79.199219	-147.460937
428185.957638	1.330957	14.640528	0.094550
428186.996153	0.415691	416.894531	29.101562
428186.998156	0.751789	416.894531	29.101562
428187.000155	1.073246	416.894531	29.101562
428187.006153	1.331085	416.894531	29.101562
428187.008156	1.329069	416.894531	29.101562
428187.010157	1.327498	14.602482	0.095450
428188.045135	0.485135	72.460937	-123.339844
428188.047136	0.818860	72.460937	-123.339844
428188.049135	1.135590	72.460937	-123.339844
428188.051137	1.331606	72.460937	-123.339844
428188.053138	1.333915	72.460937	-123.339844
428188.059134	1.327333	14.600664	0.075933
428189.093191	0.396047	412.695312	27.343750
428189.095192	0.732967	412.695312	27.343750
428189.097192	1.055415	412.695312	27.343750
428189.099193	1.307706	412.695312	27.343750
428189.101194	1.334392	412.695312	27.343750
428189.103192	1.330868	14.639544	0.075116
428190.113194	1.085863	75.976562	-130.273437
428190.115196	1.318638	75.976562	-130.273437
428190.117195	1.334357	75.976562	-130.273437
428190.119194	1.330971	14.640686	0.085183
428191.157206	0.330762	417.968750	28.808594
428191.159207	0.345169	417.968750	28.808594
428191.161207	0.996413	417.968750	28.808594
428191.163207	1.278699	417.968750	28.808594
428191.165209	1.335943	417.968750	28.808594
428191.167208	1.331932	14.651250	0.094064
428192.207239	0.579351	75.878906	-126.464844
428192.209242	0.909949	75.878906	-126.464844
428192.211241	1.217341	75.878906	-126.464844
428192.213242	1.337612	75.878906	-126.464844
428192.215240	1.333514	14.668656	0.071099
428193.257803	0.907491	411.523437	26.269531
428193.259805	1.215385	411.523437	26.269531
428193.261805	1.338085	411.523437	26.269531
428193.263806	1.334068	14.674745	0.071875
428194.271860	0.618670	82.519531	-141.015625
428194.273867	0.947251	82.519531	-141.015625
428194.275871	1.247473	82.519531	-141.015625
428194.277872	1.336993	82.519531	-141.015625
428194.279872	1.332772	14.660494	0.202791
428195.319928	0.534598	420.117187	28.613281
428195.321931	0.866728	420.117187	28.613281
428195.323930	1.179705	420.117187	28.613281
428195.325931	1.336722	420.117187	28.613281
428195.327930	1.333770	14.671465	0.095746
428196.370873	0.925202	74.707031	-117.187500
428196.372876	1.229807	74.707031	-117.187500
428196.374876	1.338228	74.707031	-117.187500
428196.376877	1.333965	14.673619	0.090559
428197.416941	0.508631	415.527344	26.367187
428197.418943	0.841580	415.527344	26.367187
428197.420948	0.863508	415.527344	26.367187
428197.422953	1.334845	415.527344	26.367187
428197.424954	1.333697	14.670668	0.073053
428198.433517	0.638879	79.296875	-127.832031
428198.435519	0.678134	79.296875	-127.832031
428198.437519	1.259780	79.296875	-127.832031
428198.439518	1.336709	79.296875	-127.832031
428198.441521	1.332437	14.656807	0.301226
428199.481540	0.544933	421.582031	27.148437
428199.483540	0.876730	421.582031	27.148437
428199.485538	1.188668	421.582031	27.148437
428199.487540	1.336221	421.582031	27.148437
428199.489539	1.332731	14.660043	0.094834
428200.530553	0.619895	75.585937	-116.503906
428200.534553	1.247141	75.585937	-116.503906
428200.538557	1.332289	75.585937	-116.503906
428200.540560	1.329740	14.627136	0.194801
428201.580617	0.865607	416.699219	25.195312
428201.582620	1.178694	416.699219	25.195312
428201.584620	1.337317	416.699219	25.195312
428201.586621	1.334409	14.678493	0.075153
428202.595175	0.660128	80.566406	-130.957031
428202.597177	0.986462	80.566406	-130.957031
428202.599178	1.272551	80.566406	-130.957031
428202.601178	1.335800	80.566406	-130.957031
428202.603180	1.331739	14.649133	0.401821
428203.643202	0.567223	421.972656	25.390625
428203.645203	0.898286	421.972656	25.390625
428203.647204	1.207504	421.972656	25.390625
428203.649204	1.336782	421.972656	25.390625
428203.651204	1.332794	14.660733	0.094161
428204.691273	0.483725	79.980469	-137.109375
428204.693275	0.817508	79.980469	-137.109375
428204.695275	1.134294	79.980469	-137.109375
428204.697275	1.331167	79.980469	-137.109375
428204.699275	1.333655	79.980469	-137.109375
428204.701274	1.330529	14.635821	0.086433
428205.739847	0.484221	420.703125	23.925781
428205.741850	0.817991	420.703125	23.925781
428205.743850	1.134646	420.703125	23.925781
428205.745851	1.331504	420.703125	23.925781
428205.747852	1.334020	420.703125	23.925781
428205.749850	1.330814	14.638959	0.069990
428206.756846	0.683784	86.230469	-158.203125
428206.758849	1.008867	86.230469	-158.203125
428206.762845	1.335181	86.230469	-158.203125
428206.764849	1.331237	86.230469	-158.203125
428206.766848	1.329000	14.619001	0.109659
428207.805393	0.677325	429.589844	24.121094
428207.807392	1.002769	429.589844	24.121094
428207.809394	1.282042	429.589844	24.121094
428207.811393	1.335204	429.589844	24.121094
428207.813395	1.331237	14.643612	0.470017
428208.853460	0.593538	79.687500	-157.324219
428208.855461	0.607387	79.687500	-157.324219
428208.857462	1.228322	79.687500	-157.324219
428208.859462	1.337680	79.687500	-157.324219
428208.861461	1.333355	14.666910	0.083176
428209.904033	0.919568	426.953125	21.386719
428209.906033	1.225152	426.953125	21.386719
428209.908033	1.337207	426.953125	21.386719
428209.910034	1.333024	14.663260	0.075834
428210.950942	0.647143	75.390625	-158.300781
428210.952945	0.974296	75.390625	-158.300781
428210.954943	1.264923	75.390625	-158.300781
428210.956944	1.335963	75.390625	-158.300781
428210.958944	1.331784	14.649620	0.069049
428211.965489	0.434710	432.714844	19.726562
428211.967491	0.770171	432.714844	19.726562
428211.969491	1.090524	432.714844	19.726562
428211.971491	1.320512	432.714844	19.726562
428211.973491	1.334684	432.714844	19.726562
428211.975491	1.331251	14.643763	0.110095
428213.015511	0.677152	73.632812	-166.699219
428213.017515	1.002683	73.632812	-166.699219
428213.019514	1.282309	73.632812	-166.699219
428213.021515	1.335790	73.632812	-166.699219
428213.023513	1.331865	14.650515	0.464878
428214.063579	0.592216	430.566406	18.066406
428214.065581	0.922224	430.566406	18.066406
428214.069579	1.337414	430.566406	18.066406
428214.071582	1.333125	430.566406	18.066406
428214.073580	1.330444	14.634882	0.088213
428215.111623	0.503329	70.605469	-167.968750
428215.113626	0.836445	70.605469	-167.968750
428215.115627	1.151758	70.605469	-167.968750
428215.117638	1.338439	70.605469	-167.968750
428215.119638	1.338451	70.605469	-167.968750
428215.121638	1.335461	14.690067	0.066255
428216.159708	0.419430	430.175781	16.699219
428216.161709	0.755450	430.175781	16.699219
428216.163711	1.076673	430.175781	16.699219
428216.165710	1.315818	430.175781	16.699219
428216.167709	1.334572	430.175781	16.699219
428216.169710	1.331106	14.642167	0.072286
428217.175744	0.456932	74.023437	-189.160156
428217.177745	0.791540	74.023437	-189.160156
428217.179744	1.110199	74.023437	-189.160156
428217.181744	1.325862	74.023437	-189.160156
428217.183746	1.333963	74.023437	-189.160156
428217.185744	1.330718	14.637895	0.084472
428218.224288	0.453213	440.332031	17.480469
428218.226290	0.787935	440.332031	17.480469
428218.228289	1.106894	440.332031	17.480469
428218.230292	1.324929	440.332031	17.480469
428218.232290	1.333919	440.332031	17.480469
428218.234290	1.330619	14.636805	0.092580
428219.274365	0.705915	69.335937	-177.636719
428219.276366	1.029790	69.335937	-177.636719
428219.278367	1.296245	69.335937	-177.636719
428219.280366	1.334856	69.335937	-177.636719
428219.282366	1.331141	14.642549	0.063230
428220.322416	0.615165	439.453125	16.503906
428220.324417	0.943884	439.453125	16.503906
428220.326419	1.244026	439.453125	16.503906
428220.328418	1.337539	439.453125	16.503906
428220.330417	1.333225	14.665475	0.178544
428221.340428	0.976753	73.144531	-188.769531
428221.342431	1.266335	73.144531	-188.769531
428221.344430	1.335768	73.144531	-188.769531
428221.346430	1.331604	14.647644	0.334792
428222.388414	0.882354	440.234375	16.406250
428222.390415	0.896893	440.234375	16.406250
428222.392418	1.337264	440.234375	16.406250
428222.394421	1.333676	14.670437	0.093932
428223.436489	0.802899	66.992187	-173.144531
428223.438491	1.120780	66.992187	-173.144531
428223.440493	1.329176	66.992187	-173.144531
428223.442491	1.334820	66.992187	-173.144531
428223.444491	1.331567	14.647236	0.060848
428224.483074	0.470498	439.843750	15.917969
428224.485075	0.804676	439.843750	15.917969
428224.487076	1.122359	439.843750	15.917969
428224.489075	1.328720	439.843750	15.917969
428224.491075	1.333795	439.843750	15.917969
428224.493076	1.330563	14.636194	0.074124
428225.499127	0.511597	70.996094	-179.980469
428225.501129	0.844309	70.996094	-179.980469
428225.503137	1.158969	70.996094	-179.980469
428225.505137	1.335810	70.996094	-179.980469
428225.507135	1.334450	14.678945	0.077957
428226.547190	0.425499	446.972656	16.699219
428226.549191	0.761277	446.972656	16.699219
428226.551193	1.082190	446.972656	16.699219
428226.553192	1.317500	446.972656	16.699219
428226.555191	1.334424	446.972656	16.699219
428226.557192	1.330971	14.640678	0.104171
428227.597184	0.664080	68.945312	-168.261719
428227.599189	0.990218	68.945312	-168.261719
428227.601195	1.275283	68.945312	-168.261719
428227.605194	1.331233	68.945312	-168.261719
428227.607197	1.329053	14.619586	0.390728
428228.646135	0.727369	442.285156	16.406250
428228.648137	1.050128	442.285156	16.406250
428228.650138	1.306624	442.285156	16.406250
428228.652136	1.336589	442.285156	16.406250
428228.654139	1.333048	14.663526	0.079948
428229.660658	0.509631	70.703125	-169.921875
428229.662659	0.842494	70.703125	-169.921875
428229.664664	1.157361	70.703125	-169.921875
428229.666667	1.335288	70.703125	-169.921875
428229.668669	1.334192	14.676109	0.086331
428230.708733	0.426468	446.289062	17.187500
428230.710735	0.762161	446.289062	17.187500
428230.712734	1.083067	446.289062	17.187500
428230.714736	1.317580	446.289062	17.187500
428230.716735	1.334165	446.289062	17.187500
428230.718735	1.330776	14.638533	0.102505
428231.756811	0.338634	68.750000	-152.441406
428231.758813	0.678078	68.750000	-152.441406
428231.760816	1.004114	68.750000	-152.441406
428231.762815	1.283027	68.750000	-152.441406
428231.764816	1.335595	68.750000	-152.441406
428231.766817	1.331552	14.647067	0.073119
428232.806866	0.588676	440.625000	16.601562
428232.808867	0.918843	440.625000	16.601562
428232.810868	1.224679	440.625000	16.601562
428232.812867	1.337947	440.625000	16.601562
428232.814866	1.333696	14.670650	0.077622
428233.823413	0.716530	73.632812	-154.785156
428233.825413	1.039818	73.632812	-154.785156
428233.827415	1.301031	73.632812	-154.785156
428233.829414	1.335000	73.632812	-154.785156
428233.831413	1.331352	14.644869	0.097914
428234.871451	0.626868	445.117187	17.578125
428234.873451	0.954962	445.117187	17.578125
428234.875452	1.251983	445.117187	17.578125
428234.877452	1.337295	445.117187	17.578125
428234.879450	1.333072	14.663792	0.101167
428235.920029	0.626759	74.902344	-145.019531
428235.922030	0.954852	74.902344	-145.019531
428235.926029	1.336911	74.902344	-145.019531
428235.928031	1.332560	74.902344	-145.019531
428235.930030	1.330101	14.631107	0.077186
428236.968544	0.613694	435.742187	17.187500
428236.970546	0.942481	435.742187	17.187500
428236.972547	0.954127	435.742187	17.187500
428236.974544	1.338114	435.742187	17.187500
428236.976547	1.333805	14.671856	0.166398
428237.984561	0.650085	77.148437	-134.667969
428237.986560	0.976964	77.148437	-134.667969
428237.988561	1.266464	77.148437	-134.667969
428237.990563	1.335482	77.148437	-134.667969
428237.992561	1.331300	14.644302	0.106738
428239.034606	0.892744	438.476562	19.042969
428239.036610	1.202732	438.476562	19.042969
428239.038610	1.336935	438.476562	19.042969
428239.040611	1.332986	14.662851	0.094576
428240.080708	0.481831	76.562500	-115.429687
428240.082709	0.495777	76.562500	-115.429687
428240.084710	1.132434	76.562500	-115.429687
428240.086709	1.330702	76.562500	-115.429687
428240.088709	1.333616	76.562500	-115.429687
428240.090709	1.330418	14.634598	0.081654
428241.128763	0.393904	431.933594	19.433594
428241.130765	0.730877	431.933594	19.433594
428241.132763	1.053460	431.933594	19.433594
428241.134766	1.307026	431.933594	19.433594
428241.136763	1.334817	431.933594	19.433594
428241.138765	1.331222	14.643442	0.071198
428242.178795	0.640138	75.000000	-89.453125
428242.180797	0.967506	75.000000	-89.453125
428242.184794	1.335978	75.000000	-89.453125
428242.186796	1.331655	75.000000	-89.453125
428242.188795	1.329272	14.621987	0.066883
428243.195364	0.765242	433.496094	20.410156
428243.199364	1.318376	433.496094	20.410156
428243.201367	1.333978	433.496094	20.410156
428243.205365	1.328632	14.614950	0.099553
428244.241437	0.340930	78.320312	-85.546875
428244.243438	0.680221	78.320312	-85.546875
428244.245439	1.005474	78.320312	-85.546875
428244.247440	1.283575	78.320312	-85.546875
428244.249438	1.335113	78.320312	-85.546875
428244.251439	1.331133	14.642459	0.088257
428245.291489	0.592687	429.589844	21.875000
428245.293490	0.922522	429.589844	21.875000
428245.295491	1.227583	429.589844	21.875000
428245.297490	1.337316	429.589844	21.875000
428245.299492	1.333069	14.663764	0.070829
428246.339533	0.502929	75.585937	-64.746094
428246.341533	0.835951	75.585937	-64.746094
428246.343539	1.151298	75.585937	-64.746094
428246.345534	1.335630	75.585937	-64.746094
428246.347536	1.335581	75.585937	-64.746094
428246.349535	1.332456	14.657011	0.069641
428247.356065	0.625967	434.375000	23.437500
428247.358066	0.954018	434.375000	23.437500
428247.360068	1.251116	434.375000	23.437500
428247.362067	1.336475	434.375000	23.437500
428247.366076	1.329670	14.626366	0.098420
428248.404135	0.541433	78.027344	-58.300781
428248.406137	0.873211	78.027344	-58.300781
428248.408138	1.185555	78.027344	-58.300781
428248.410137	1.337359	78.027344	-58.300781
428248.412138	1.334064	14.674709	0.088038
428249.452148	0.446945	434.667969	23.437500
428249.454151	0.781927	434.667969	23.437500
428249.456149	1.101308	434.667969	23.437500
428249.458151	1.323305	434.667969	23.437500
428249.460150	1.333824	434.667969	23.437500
428249.462150	1.333698	14.670677	0.080868
428250.504707	1.098578	77.246094	-50.585937
428250.506711	1.322498	77.246094	-50.585937
428250.508710	1.333894	77.246094	-50.585937
428250.510709	1.330547	14.636017	0.069240
428251.549626	0.500329	428.906250	22.949219
428251.553625	1.148912	428.906250	22.949219
428251.555628	1.333275	428.906250	22.949219
428251.557628	1.333267	428.906250	22.949219
428251.559628	1.330295	14.633242	0.064411
428252.564184	0.285633	77.441406	-46.679687
428252.566186	0.627687	77.441406	-46.679687
428252.570186	1.252340	77.441406	-46.679687
428252.572188	1.336348	77.441406	-46.679687
428252.574186	1.332035	14.652385	0.086893
428253.614250	0.542036	433.593750	23.828125
428253.616252	0.873806	433.593750	23.828125
428253.618251	1.186046	433.593750	23.828125
428253.620252	1.336904	433.593750	23.828125
428253.622252	1.333569	14.669258	0.079889
