num crossings	time (s)	maj axis (mm)	min axis (mm)	theta (rad )	slope (V/s)
31881	431643.936280	33.397871	13.841118	2.657704	5.873511
31883	431646.028593	32.792906	13.827858	2.694925	3.625990
31885	431648.102628	31.693430	14.262043	2.703707	3.834691
31887	431650.179731	35.707470	13.623217	2.648414	5.518596
31889	431652.271771	36.072277	13.025875	2.686761	4.335873
31891	431654.354161	33.583475	8.777614	2.727900	3.609521
31893	431656.434329	35.083817	13.453310	2.681820	4.988229
31895	431658.513735	37.570257	13.645592	2.659626	4.636210
31897	431660.594728	34.886110	12.821442	2.706365	5.342427
31899	431662.683649	35.760667	12.704406	2.696607	6.260896
31901	431664.773057	35.176081	12.352968	2.680412	5.501645
31903	431666.852143	38.470407	12.868588	2.761514	4.969163
31905	431668.941950	36.785132	12.049845	2.709307	6.068617
31907	431671.035059	39.111875	10.612112	2.696837	4.437957
31909	431673.118871	39.353609	12.386194	2.753956	5.827047
31911	431675.207639	42.149230	12.332446	2.782184	5.520536
31913	431677.290323	32.732465	12.941700	2.737800	6.111899
31915	431679.375109	33.792780	9.983452	2.765903	6.211324
31917	431681.460035	41.159081	14.399687	2.784512	5.718301
31919	431683.542952	39.986030	11.303042	2.712685	5.731441
31921	431685.625074	39.686640	13.034603	2.750877	6.132829
31923	431687.707277	39.744474	11.142093	2.729756	6.885754
31925	431689.791817	39.981516	11.034047	2.745087	6.615200
31927	431691.871361	37.691867	10.995845	2.744370	5.583140
31929	431693.951570	39.754351	10.673853	2.739707	6.464406
31931	431696.029976	39.908656	10.897506	2.726909	5.884431
31933	431698.113672	39.699812	11.020311	2.718712	7.622737
31935	431700.198015	38.054593	10.531898	2.730765	6.474529
31937	431702.273678	38.207946	10.713379	2.742581	6.257770
31939	431704.362330	35.453060	11.045763	2.742355	7.450823
31941	431706.451631	42.044018	10.729305	2.726634	7.283067
31943	431708.533290	40.491655	10.268242	2.744533	7.138987
31945	431710.620666	40.870010	10.231185	2.735637	6.322003
31947	431712.703093	43.102342	10.109670	2.732030	6.895834
31949	431714.787038	44.115906	10.595573	2.782469	7.469052
31951	431716.874167	39.293928	10.767932	2.757018	6.329301
31953	431718.952673	40.945644	5.837470	2.788492	6.693344
31955	431721.035915	43.208527	10.361736	2.740820	8.156223
31957	431723.122823	43.207558	9.766256	2.766002	6.515535
31959	431725.201121	43.144714	11.350566	2.754735	6.676753
31961	431727.280896	45.197857	9.949353	2.790754	8.279173
31963	431729.365502	44.378984	10.180314	2.752953	7.393344
31965	431731.442931	43.145725	9.228656	2.742236	6.698854
31967	431733.526392	43.814766	9.774139	2.752281	7.994414
31969	431735.606898	43.863448	9.291153	2.763020	7.022234
31971	431737.687685	43.733347	9.411622	2.770687	7.770458
31973	431739.771455	39.533383	7.569791	2.800749	8.601392
31975	431741.850973	43.482491	9.470302	2.759460	7.088403
31977	431743.934430	44.424197	9.281705	2.792391	7.582510
31979	431746.022022	44.344781	9.018300	2.761449	8.633837
31981	431748.104131	43.067849	9.944247	2.778826	7.131064
31983	431750.190400	43.699780	9.037391	2.771246	7.970738
31985	431752.275151	44.893302	8.912201	2.769150	7.665850
31987	431754.357355	25.218301	5.267839	2.909938	8.170391
31989	431756.442039	45.588143	9.175883	2.799983	8.805629
31991	431758.524350	44.498402	8.433940	2.783799	7.925157
31993	431760.606249	44.907334	8.486080	2.749373	8.690175
31995	431762.687592	44.713605	8.964035	2.767402	8.095914
31997	431764.768679	44.692173	8.777799	2.820794	8.485953
31999	431766.849588	45.556692	8.210306	2.766294	8.806455
32001	431768.929408	41.806828	9.879142	2.769393	7.733142
32003	431771.009157	45.689642	9.705115	2.785546	8.618436
32005	431773.089762	45.147640	9.935180	2.782841	8.444673
32007	431775.170219	46.076441	8.578801	2.776292	8.125647
32009	431777.249139	46.043065	6.484633	2.781565	8.652368
32011	431779.332779	47.065586	8.726422	2.814037	8.677732
32013	431781.413747	44.671792	4.229667	2.813016	9.111564
32015	431783.497424	45.241091	8.408580	2.779757	8.833106
32017	431785.581524	45.996810	8.131026	2.790268	8.240830
32019	431787.662804	44.869947	7.976893	2.793175	9.153984
32021	431789.747331	43.230353	3.421130	2.832800	8.429952
32023	431791.830058	49.292072	8.283900	2.815974	8.390186
32025	431793.909222	45.481747	7.721698	2.773947	8.797485
32027	431795.992473	45.684014	8.171393	2.793527	8.796172
32029	431798.075652	44.270839	0.419190	2.862505	8.260572
32031	431800.155320	47.589207	8.511578	2.799529	9.177714
32033	431802.238668	46.535196	8.179291	2.783687	8.763593
32035	431804.319325	46.890026	8.316014	2.791757	8.276518
32037	431806.399017	46.242288	8.263344	2.831982	9.033794
32039	431808.480484	46.424588	7.489480	2.806656	9.009029
32041	431810.561604	43.410640	3.194176	2.829923	8.813111
32043	431812.642098	48.203102	8.062684	2.791976	9.062158
32045	431814.725231	46.746659	7.465571	2.808743	9.462723
32047	431816.807203	47.392333	7.457596	2.807544	8.645772
32049	431818.890946	47.816768	6.570430	2.792438	9.213921
32051	431820.975566	50.194830	7.801795	2.833126	8.884327
32053	431823.057931	47.512207	7.262963	2.805149	9.332166
32055	431825.142613	45.336984	6.904055	2.832969	9.038644
32057	431827.225451	47.043922	7.346949	2.810622	9.103945
32059	431829.307007	47.917002	7.265664	2.810972	9.275402
32061	431831.389654	44.773236	7.107681	2.787519	9.016223
32063	431833.472504	46.902655	7.827162	2.846488	9.414576
32065	431835.551551	46.433259	7.470224	2.823983	9.254705
32067	431837.634398	48.187613	6.823575	2.835462	9.203573
32069	431839.713948	47.412130	8.452059	2.830332	9.169137
32071	431841.794453	44.193985	8.877364	2.851768	9.462513
32073	431843.874628	47.511589	6.878016	2.815131	8.757026
32075	431845.953939	48.357648	6.551403	2.805302	9.215773
32077	431848.034008	45.232636	8.356852	2.805721	9.323642
32079	431850.115048	45.204034	8.701294	2.815246	9.693519
32081	431852.196536	43.859597	8.494810	2.806148	9.339536
32083	431854.277738	54.816282	7.137918	2.843750	9.702101
32085	431856.360098	47.783320	6.712902	2.820372	9.092568
32087	431858.442813	46.976402	6.675243	2.831001	9.634729
32089	431860.524747	40.381967	2.331847	2.869612	9.072197
32091	431862.606421	48.546144	8.119967	2.827426	9.404917
32093	431864.689602	47.494032	8.035956	2.825098	9.608733
32095	431866.770672	54.047362	6.606434	2.857636	9.477964
32097	431868.852865	47.803013	6.565204	2.814070	9.553557
32099	431870.933599	55.457569	7.921743	2.863772	9.708073
32101	431873.015278	53.723500	6.761806	2.847645	9.731787
32103	431875.096164	45.414970	6.221664	2.812002	9.420458
32105	431877.177452	45.780883	8.305530	2.843477	9.763866
32107	431879.258710	49.088245	6.280972	2.830136	9.790560
32109	431881.339116	48.779289	6.457594	2.831482	9.502982
32111	431883.421226	50.685158	6.455653	2.845622	9.943592
32113	431885.504063	48.831898	5.972087	2.820716	10.176003
32115	431887.586114	48.600001	6.906139	2.857436	9.228066
32117	431889.669181	48.269511	6.186779	2.833764	10.031572
32119	431891.752139	48.998315	6.249576	2.834877	9.559759
32121	431893.834932	49.556524	6.102213	2.834454	9.484460
32123	431895.917707	49.172833	6.035288	2.837137	10.463525
32125	431898.000490	50.242090	6.072942	2.834993	9.227357
32127	431900.082245	50.820714	6.044327	2.837865	9.636790
32129	431902.164437	49.092081	5.961555	2.835439	10.176046
32131	431904.247194	49.775518	5.980844	2.837593	9.667289
32133	431906.327318	50.630942	5.590390	2.830742	9.393756
32135	431908.408925	49.271912	7.969885	2.886424	10.112934
32137	431910.487867	49.632448	5.385935	2.854183	9.805178
32139	431912.568637	49.680949	5.767482	2.862173	9.468783
32141	431914.647023	49.447055	5.682670	2.853755	9.465913
32143	431916.728262	17.482548	2.546559	2.934331	10.012962
32145	431918.808952	47.822476	6.176317	2.841603	10.016630
32147	431920.890417	47.508067	5.675059	2.852781	9.314730
32149	431922.969624	48.300852	5.715469	2.846615	9.387470
32151	431925.052515	50.263169	5.705552	2.847685	10.781616
32153	431927.134218	46.613832	1.964825	2.869696	9.790346
32155	431929.215641	46.996538	7.633491	2.851344	10.139566
32157	431931.297283	54.502823	6.998722	2.867627	9.760544
32159	431933.380054	50.747871	5.890311	2.843086	9.961132
32161	431935.460963	48.400845	5.828311	2.854554	9.591086
32163	431937.542497	50.165701	5.299783	2.838532	9.807620
32165	431939.624837	46.912444	6.355171	2.873719	9.887873
32167	431941.704889	49.315064	5.359359	2.855687	9.953107
32169	431943.786204	50.066426	5.420267	2.851185	9.779233
32171	431945.868215	48.167377	5.526230	2.872497	10.351092
32173	431947.948954	50.320343	5.478337	2.874778	10.015077
32175	431950.030067	50.779461	5.309187	2.853426	10.550285
