time (s)	coil I (A)	last det (V)	int current (uC)
431648.410691	0.350826	270.898437	93.847656
431648.412691	0.691111	270.898437	93.847656
431648.414694	1.016887	270.898437	93.847656
431648.416693	1.197481	270.898437	93.847656
431648.418692	1.196002	13.156021	0.252056
431649.394669	0.513508	169.140625	-335.937500
431649.396671	0.847393	169.140625	-335.937500
431649.398671	1.140095	169.140625	-335.937500
431649.400672	1.196176	169.140625	-335.937500
431649.402669	1.192621	13.118826	0.383653
431650.476726	0.633490	266.308594	100.878906
431650.478728	0.962407	266.308594	100.878906
431650.482727	1.195720	266.308594	100.878906
431650.486727	1.190795	266.308594	100.878906
431650.488728	1.189381	13.083190	0.440508
431651.490792	0.334931	168.164062	-338.183594
431651.492796	0.675704	168.164062	-338.183594
431651.494819	1.002291	168.164062	-338.183594
431651.496824	1.195594	168.164062	-338.183594
431651.498825	1.195234	168.164062	-338.183594
431651.500824	1.192527	13.117798	0.370319
431652.572821	0.455011	267.578125	99.804687
431652.574823	0.790970	267.578125	99.804687
431652.576823	1.102860	267.578125	99.804687
431652.578825	1.198153	267.578125	99.804687
431652.580823	1.194332	13.137657	0.318536
431653.588835	0.490672	157.324219	-355.859375
431653.592836	1.126459	157.324219	-355.859375
431653.594838	1.196633	157.324219	-355.859375
431653.596843	1.192943	13.122370	0.296331
431654.638903	0.740882	263.671875	104.882812
431654.640906	1.062327	263.671875	104.882812
431654.642905	1.198733	263.671875	104.882812
431654.644905	1.195134	13.146476	0.280502
431655.652944	0.443236	185.156250	-314.355469
431655.654946	0.779475	185.156250	-314.355469
431655.656948	1.094337	185.156250	-314.355469
431655.658947	1.199913	185.156250	-314.355469
431655.660948	1.196072	13.156792	0.377499
431656.734947	0.554340	265.527344	97.167969
431656.736949	0.886987	265.527344	97.167969
431656.738950	1.161019	265.527344	97.167969
431656.740950	1.195937	265.527344	97.167969
431656.742951	1.192724	13.119969	0.271562
431657.750998	0.591743	165.039062	-346.582031
431657.752999	0.922746	165.039062	-346.582031
431657.756999	1.194679	165.039062	-346.582031
431657.758998	1.194560	165.039062	-346.582031
431657.761000	1.189505	13.084555	0.380609
431658.799018	0.499612	266.894531	98.925781
431658.801023	0.833912	266.894531	98.925781
431658.803023	1.131817	266.894531	98.925781
431658.805022	1.196002	266.894531	98.925781
431658.807022	1.192430	13.116725	0.361119
431659.847041	0.405714	162.500000	-351.171875
431659.849046	0.743269	162.500000	-351.171875
431659.851042	1.064327	162.500000	-351.171875
431659.853045	1.198200	162.500000	-351.171875
431659.857043	1.192090	13.112994	0.336643
431660.897083	0.652009	269.921875	93.457031
431660.899084	0.979752	269.921875	93.457031
431660.901086	1.190874	269.921875	93.457031
431660.903085	1.194565	269.921875	93.457031
431660.905084	1.191572	13.107295	0.521953
431661.945677	0.656540	153.808594	-366.894531
431661.947679	0.984038	153.808594	-366.894531
431661.951677	1.194277	153.808594	-366.894531
431661.953677	1.191387	153.808594	-366.894531
431661.955678	1.189464	13.084103	0.287621
431662.994200	0.648450	275.195312	85.546875
431662.996202	0.976449	275.195312	85.546875
431662.998203	1.191236	275.195312	85.546875
431663.000204	1.195600	275.195312	85.546875
431663.002204	1.192843	13.121271	0.285468
431664.042809	0.652900	139.648437	-394.726562
431664.044810	0.980612	139.648437	-394.726562
431664.046810	1.191207	139.648437	-394.726562
431664.048817	1.194630	139.648437	-394.726562
431664.050822	1.191702	13.108722	0.490760
431665.058892	0.699498	280.078125	88.281250
431665.060893	1.024652	280.078125	88.281250
431665.062894	1.196567	280.078125	88.281250
431665.064895	1.194557	13.140130	0.350582
431666.107406	0.687037	146.582031	-378.222656
431666.109409	1.012903	146.582031	-378.222656
431666.111408	1.195132	146.582031	-378.222656
431666.113408	1.193995	13.133945	0.653107
431667.153960	0.343314	284.667969	79.492187
431667.155962	0.683558	284.667969	79.492187
431667.157964	1.009566	284.667969	79.492187
431667.159962	1.194667	284.667969	79.492187
431667.161961	1.193831	13.132146	0.297546
431668.172022	0.727478	145.312500	-378.027344
431668.174022	1.050243	145.312500	-378.027344
431668.176020	1.196555	145.312500	-378.027344
431668.178023	1.193341	13.126757	0.354460
431669.251990	0.495670	288.378906	74.316406
431669.253991	0.830051	288.378906	74.316406
431669.255992	1.129245	288.378906	74.316406
431669.259990	1.192303	288.378906	74.316406
431669.261991	1.189917	13.089083	0.300322
431670.270074	0.873589	138.769531	-385.937500
431670.272077	1.154206	138.769531	-385.937500
431670.274076	1.195585	138.769531	-385.937500
431670.276076	1.192248	13.114722	0.300656
431671.350610	0.742672	291.503906	73.339844
431671.352611	1.063802	291.503906	73.339844
431671.354611	1.198620	291.503906	73.339844
431671.356610	1.194976	13.144738	0.290808
431672.335122	0.980772	143.164062	-377.343750
431672.337121	1.190979	143.164062	-377.343750
431672.339122	1.191937	143.164062	-377.343750
431672.341120	1.191415	13.105567	0.542300
431673.415713	0.860900	292.089844	76.367187
431673.417714	1.147479	292.089844	76.367187
431673.419715	1.195788	292.089844	76.367187
431673.421714	1.192444	13.116885	0.303642
431674.428245	0.307028	129.003906	-403.808594
431674.430246	0.648865	129.003906	-403.808594
431674.432248	0.682243	129.003906	-403.808594
431674.434246	1.189728	129.003906	-403.808594
431674.436247	1.193874	129.003906	-403.808594
431674.438247	1.190965	13.100613	0.329689
431675.510244	0.422725	289.160156	73.046875
431675.512246	0.759609	289.160156	73.046875
431675.514246	1.078099	289.160156	73.046875
431675.516245	1.197837	289.160156	73.046875
431675.518248	1.194079	13.134866	0.271022
431676.496223	0.912651	137.988281	-387.695312
431676.498225	1.171297	137.988281	-387.695312
431676.500225	1.194468	137.988281	-387.695312
431676.502226	1.191337	13.104708	0.371711
431677.574248	0.357434	288.769531	78.515625
431677.576249	0.696949	288.769531	78.515625
431677.578250	1.022227	288.769531	78.515625
431677.580251	1.196286	288.769531	78.515625
431677.582249	1.194415	13.138562	0.325128
431678.592293	0.735512	122.167969	-418.164062
431678.594294	1.057381	122.167969	-418.164062
431678.596294	1.197435	122.167969	-418.164062
431678.598295	1.194020	13.134219	0.320721
431679.674328	0.848222	289.257812	77.539062
431679.676330	1.140308	289.257812	77.539062
431679.678329	1.195633	289.257812	77.539062
431679.682328	1.189802	13.087825	0.294911
431680.690898	0.970882	124.707031	-415.625000
431680.692901	1.188733	124.707031	-415.625000
431680.694901	1.194017	124.707031	-415.625000
431680.698899	1.189161	13.080770	0.475862
431681.768947	0.424972	287.500000	71.777344
431681.770949	0.761810	287.500000	71.777344
431681.772949	1.079769	287.500000	71.777344
431681.774949	1.197457	287.500000	71.777344
431681.776949	1.193710	13.130807	0.243076
431682.753009	0.597788	124.316406	-415.429687
431682.755009	0.928178	124.316406	-415.429687
431682.757008	1.176488	124.316406	-415.429687
431682.759011	1.193912	124.316406	-415.429687
431682.761009	1.190770	13.098469	0.365526
431683.833060	0.378529	289.257812	74.609375
431683.835061	0.717095	289.257812	74.609375
431683.837061	1.040928	289.257812	74.609375
431683.839060	1.197066	289.257812	74.609375
431683.841062	1.194067	13.134733	0.308353
431684.851074	0.750793	113.476562	-438.183594
431684.853076	1.070635	113.476562	-438.183594
431684.855077	1.197842	113.476562	-438.183594
431684.857077	1.194137	13.135504	0.298400
431685.931133	0.535379	290.039062	70.117187
431685.933135	0.868301	290.039062	70.117187
431685.935136	1.151084	290.039062	70.117187
431685.937136	1.194797	290.039062	70.117187
431685.939134	1.191352	13.104867	0.277637
431686.947180	0.575141	112.792969	-439.160156
431686.949182	0.906778	112.792969	-439.160156
431686.951182	1.168965	112.792969	-439.160156
431686.953181	1.194547	112.792969	-439.160156
431686.955182	1.191403	13.105434	0.249063
431687.996153	0.640836	295.117187	72.851562
431687.998155	0.968995	295.117187	72.851562
431688.000156	1.188271	295.117187	72.851562
431688.002155	1.194143	295.117187	72.851562
431688.004156	1.191095	13.102039	0.500893
431689.010703	0.428403	116.992187	-430.078125
431689.014703	1.081981	116.992187	-430.078125
431689.016705	1.087209	116.992187	-430.078125
431689.020704	1.189653	13.086185	0.322621
431690.092731	0.543777	294.726562	70.019531
431690.094731	0.876341	294.726562	70.019531
431690.096732	1.155106	294.726562	70.019531
431690.098732	1.194764	294.726562	70.019531
431690.100732	1.191417	13.105585	0.277349
431691.108737	0.577512	112.597656	-441.601562
431691.110739	0.909016	112.597656	-441.601562
431691.112739	1.169620	112.597656	-441.601562
431691.114740	1.194251	112.597656	-441.601562
431691.116740	1.190967	13.100639	0.268959
431692.156810	0.494555	297.363281	69.726562
431692.158813	0.828704	297.363281	69.726562
431692.160812	1.128158	297.363281	69.726562
431692.162813	1.195530	297.363281	69.726562
431692.166810	1.189529	13.084821	0.336468
431693.206845	0.739798	113.574219	-443.359375
431693.210845	1.196610	113.574219	-443.359375
431693.212845	1.193013	113.574219	-443.359375
431693.214847	1.190420	13.094622	0.236142
431694.253419	0.402547	292.578125	66.406250
431694.255418	0.740033	292.578125	66.406250
431694.257420	1.061209	292.578125	66.406250
431694.259419	1.068934	292.578125	66.406250
431694.261418	1.193134	13.124471	0.273520
431695.269470	0.445002	133.886719	-404.589844
431695.271472	0.780862	133.886719	-404.589844
431695.273472	1.094537	133.886719	-404.589844
431695.275474	1.196097	133.886719	-404.589844
431695.277472	1.192248	13.114731	0.291186
431696.319477	0.685058	290.234375	70.214844
431696.321481	1.010909	290.234375	70.214844
431696.323480	1.194727	290.234375	70.214844
431696.325480	1.193758	13.131339	0.334645
431697.367509	0.591390	120.507812	-436.230469
431697.369512	0.922193	120.507812	-436.230469
431697.371511	1.175123	120.507812	-436.230469
431697.373511	1.194938	120.507812	-436.230469
431697.375512	1.191850	13.110353	0.274489
431698.419559	1.134612	285.253906	68.652344
431698.421561	1.195400	285.253906	68.652344
431698.425558	1.189503	13.084537	0.258859
431699.465640	0.758409	114.355469	-450.976562
431699.467640	1.076673	114.355469	-450.976562
431699.469640	1.195910	114.355469	-450.976562
431699.471641	1.192092	13.113011	0.229786
431700.513699	0.669499	280.371094	69.140625
431700.515700	0.996089	280.371094	69.140625
431700.517703	1.193652	280.371094	69.140625
431700.519702	1.194520	280.371094	69.140625
431700.521700	1.191692	13.108616	0.525067
431701.530210	0.789530	124.414062	-428.417969
431701.532211	1.101189	124.414062	-428.417969
431701.534212	1.196722	124.414062	-428.417969
431701.536212	1.192978	13.122760	0.310806
431702.576287	0.367915	281.738281	75.781250
431702.578289	0.706820	281.738281	75.781250
431702.580291	1.031272	281.738281	75.781250
431702.582290	1.195319	281.738281	75.781250
431702.584290	1.192814	13.120953	0.287049
431703.627234	0.767246	117.480469	-442.187500
431703.631232	1.197328	117.480469	-442.187500
431703.633235	1.193544	117.480469	-442.187500
431703.637236	1.189244	13.081683	0.243055
431704.675787	0.764198	277.148437	73.242187
431704.677787	1.081577	277.148437	73.242187
431704.681785	1.193477	277.148437	73.242187
431704.683788	1.190929	13.100224	0.215777
431705.694317	1.157852	116.699219	-441.992187
431705.696320	1.194677	116.699219	-441.992187
431705.698318	1.191463	13.106091	0.271875
431706.735817	1.937935	280.273437	77.441406
431706.741175	0.927533	280.273437	77.441406
431706.743179	1.176175	280.273437	77.441406
431706.747176	1.190585	280.273437	77.441406
431706.749178	1.188630	13.074930	0.278725
431707.787771	0.599069	113.964844	-447.167969
431707.789772	0.929392	113.964844	-447.167969
431707.791773	1.176989	113.964844	-447.167969
431707.793774	1.193911	113.964844	-447.167969
431707.795772	1.190750	13.098248	0.272510
431708.835823	0.513339	278.222656	73.535156
431708.837826	0.846791	278.222656	73.535156
431708.839826	1.139263	278.222656	73.535156
431708.841827	1.195068	278.222656	73.535156
431708.843826	1.191551	13.107064	0.264550
431709.851879	0.553837	125.097656	-419.921875
431709.853882	0.885966	125.097656	-419.921875
431709.855881	1.159508	125.097656	-419.921875
431709.857881	1.194282	125.097656	-419.921875
431709.859882	1.190958	13.100533	0.286429
431710.932806	0.484621	277.636719	71.093750
431710.934806	0.819040	277.636719	71.093750
431710.936807	1.121877	277.636719	71.093750
431710.938807	1.195500	277.636719	71.093750
431710.940806	1.191741	13.109148	0.219136
431711.952834	1.143891	101.855469	-474.511719
431711.954835	1.194930	101.855469	-474.511719
431711.956835	1.191409	13.105496	0.223879
431712.996871	0.428384	280.371094	73.632812
431712.998872	0.764857	280.371094	73.632812
431713.000874	1.082186	280.371094	73.632812
431713.002873	1.197502	280.371094	73.632812
431713.004873	1.193643	13.130072	0.252731
431714.014949	0.807681	121.093750	-427.246094
431714.016951	1.113947	121.093750	-427.246094
431714.018949	1.195224	121.093750	-427.246094
431714.020950	1.191364	13.105000	0.315328
431715.093524	0.339568	279.882812	70.312500
431715.095525	0.679792	279.882812	70.312500
431715.097531	1.005808	279.882812	70.312500
431715.099532	1.194003	279.882812	70.312500
431715.101529	1.193441	13.127848	0.225834
431716.111589	0.724025	112.695312	-446.484375
431716.113591	1.046984	112.695312	-446.484375
431716.115591	1.196062	112.695312	-446.484375
431716.117590	1.192901	13.121910	0.255751
431717.159606	0.631073	285.546875	75.488281
431717.161607	0.959592	285.546875	75.488281
431717.163609	1.185385	285.546875	75.488281
431717.165608	1.193356	285.546875	75.488281
431717.167609	1.190259	13.092850	0.283523
431718.176177	0.758470	109.667969	-453.125000
431718.178178	1.076733	109.667969	-453.125000
431718.180178	1.196149	109.667969	-453.125000
431718.182178	1.192405	13.116449	0.301008
431719.258204	0.870464	283.300781	71.679687
431719.260206	1.152182	283.300781	71.679687
431719.262208	1.194898	283.300781	71.679687
431719.264207	1.191499	13.106489	0.210646
431720.271159	0.392342	102.246094	-470.312500
431720.273162	0.730110	102.246094	-470.312500
431720.277164	1.196550	102.246094	-470.312500
431720.279162	1.193244	102.246094	-470.312500
431720.281161	1.190627	13.096899	0.250670
431721.321207	0.639905	285.742187	73.242187
431721.323208	0.967987	285.742187	73.242187
431721.325207	1.187401	285.742187	73.242187
431721.327208	1.193263	285.742187	73.242187
431721.329208	1.190215	13.092362	0.464393
431722.369213	0.546373	97.753906	-482.714844
431722.373213	1.156125	97.753906	-482.714844
431722.375215	1.194219	97.753906	-482.714844
431722.377215	1.190792	13.098717	0.222019
431723.417259	0.456219	283.691406	69.628906
431723.419260	0.791621	283.691406	69.628906
431723.421264	1.102779	283.691406	69.628906
431723.423266	1.196915	283.691406	69.628906
431723.425268	1.193101	13.124107	0.253847
431724.435369	0.840737	113.281250	-444.628906
431724.439369	1.195825	113.281250	-444.628906
431724.441378	1.192335	113.281250	-444.628906
431724.443382	1.189987	13.089853	0.251612
431725.515435	0.627211	279.589844	66.015625
431725.517437	0.956025	279.589844	66.015625
431725.519437	1.185119	279.589844	66.015625
431725.521437	1.194010	279.589844	66.015625
431725.523438	1.190938	13.100321	0.191777
431726.529472	0.326142	100.878906	-475.195312
431726.531474	0.666850	100.878906	-475.195312
431726.533474	0.993488	100.878906	-475.195312
431726.535474	1.192065	100.878906	-475.195312
431726.537474	1.193188	100.878906	-475.195312
431726.539476	1.190309	13.093399	0.207423
431727.579516	0.576590	282.617187	70.019531
431727.581518	0.907967	282.617187	70.019531
431727.583519	1.169383	282.617187	70.019531
431727.585518	1.194604	282.617187	70.019531
431727.587521	1.191450	13.105948	0.233488
431728.595524	0.611631	108.300781	-457.617187
431728.597523	0.941192	108.300781	-457.617187
431728.599525	1.180660	108.300781	-457.617187
431728.601525	1.193765	108.300781	-457.617187
431728.603528	1.190618	13.096803	0.294560
431729.675570	0.392078	278.222656	65.527344
431729.677572	0.729891	278.222656	65.527344
431729.679570	0.740511	278.222656	65.527344
431729.681571	1.196179	278.222656	65.527344
431729.685568	1.190117	13.091282	0.206947
431730.691640	0.437389	103.515625	-471.777344
431730.693643	0.773317	103.515625	-471.777344
431730.695643	1.088770	103.515625	-471.777344
431730.697642	1.196782	103.515625	-471.777344
431730.699643	1.192994	13.122929	0.229686
431731.739641	0.336958	283.496094	69.628906
431731.745640	1.193537	283.496094	69.628906
431731.747641	1.193286	283.496094	69.628906
431731.749642	1.190423	13.094658	0.230893
431732.755694	0.379958	125.683594	-417.382812
431732.757694	0.718119	125.683594	-417.382812
431732.759693	1.041444	125.683594	-417.382812
431732.761695	1.195923	125.683594	-417.382812
431732.763694	1.192975	13.122725	0.300063
431733.837746	0.501426	278.125000	64.941406
431733.839748	0.835188	278.125000	64.941406
431733.841748	1.132177	278.125000	64.941406
431733.843747	1.195343	278.125000	64.941406
431733.845748	1.191704	13.108741	0.179992
431734.853737	0.531756	108.105469	-462.500000
431734.855737	0.864500	108.105469	-462.500000
431734.857739	1.148754	108.105469	-462.500000
431734.859739	1.194199	108.105469	-462.500000
431734.861739	1.190682	13.097503	0.256774
431735.901780	0.441731	284.375000	67.382812
431735.903782	0.777550	284.375000	67.382812
431735.905782	1.092184	284.375000	67.382812
431735.907781	1.197583	284.375000	67.382812
431735.909783	1.193788	13.131667	0.246833
431736.951811	0.687167	104.394531	-473.925781
431736.953814	1.012713	104.394531	-473.925781
431736.955812	1.194964	104.394531	-473.925781
431736.957813	1.193733	13.131064	0.220577
431737.998329	0.337338	285.058594	64.550781
431738.000329	0.677477	285.058594	64.550781
431738.002329	1.003514	285.058594	64.550781
431738.004333	1.194202	285.058594	64.550781
431738.006334	1.194022	13.134237	0.192428
431739.016330	0.706559	113.281250	-452.246094
431739.018333	1.030933	113.281250	-452.246094
431739.020332	1.196056	113.281250	-452.246094
431739.022332	1.193511	13.128626	0.269603
431740.064348	0.616146	291.406250	64.257812
431740.068350	1.181559	291.406250	64.257812
431740.070349	1.193290	291.406250	64.257812
431740.072352	1.190112	13.091237	0.250036
431741.112904	0.612769	105.664062	-472.851562
431741.114905	0.624631	105.664062	-472.851562
431741.116906	1.180578	105.664062	-472.851562
431741.118907	1.193323	105.664062	-472.851562
431741.120906	1.190168	13.091848	0.286581
431742.161852	0.674616	286.328125	57.324219
431742.163868	1.000842	286.328125	57.324219
431742.165868	1.193280	286.328125	57.324219
431742.167868	1.193136	286.328125	57.324219
431742.169869	1.190316	13.093479	0.188975
431743.177955	0.722465	105.371094	-474.316406
431743.179956	1.045371	105.371094	-474.316406
431743.181957	1.194993	105.371094	-474.316406
431743.183958	1.191683	13.108510	0.262987
431744.225958	0.629258	301.269531	61.035156
431744.227960	0.957754	301.269531	61.035156
431744.231960	1.193199	301.269531	61.035156
431744.233965	1.190162	301.269531	61.035156
431744.235966	1.188321	13.071536	0.272283
431745.273959	0.529470	101.757812	-481.054687
431745.275959	0.862380	101.757812	-481.054687
431745.277958	1.147779	101.757812	-481.054687
431745.279959	1.194581	101.757812	-481.054687
431745.281959	1.191070	13.101766	0.221004
431746.322967	0.604616	301.660156	56.640625
431746.324967	0.934517	301.660156	56.640625
431746.326969	1.178309	301.660156	56.640625
431746.328968	1.193350	301.660156	56.640625
431746.330968	1.190159	13.091751	0.230326
431747.339526	0.731242	96.777344	-490.234375
431747.341528	1.053422	96.777344	-490.234375
431747.343529	1.197030	96.777344	-490.234375
431747.345527	1.193735	13.131083	0.246098
431748.387587	0.642991	305.566406	56.347656
431748.389589	0.970836	305.566406	56.347656
431748.391589	1.187773	305.566406	56.347656
431748.393588	1.193132	305.566406	56.347656
431748.395587	1.190079	13.090865	0.471453
431749.435589	0.547732	87.792969	-509.863281
431749.437592	0.879986	87.792969	-509.863281
431749.439593	1.156722	87.792969	-509.863281
431749.441590	1.194503	87.792969	-509.863281
431749.447590	1.187546	13.063003	0.192423
431750.483685	0.466749	304.101562	55.078125
431750.485685	0.801668	304.101562	55.078125
431750.487685	1.109987	304.101562	55.078125
431750.489684	1.196261	304.101562	55.078125
431750.491685	1.192525	13.117770	0.236921
431751.499742	0.508209	89.550781	-501.464844
431751.501745	0.841744	89.550781	-501.464844
431751.503744	1.135624	89.550781	-501.464844
431751.505744	1.194130	89.550781	-501.464844
431751.507743	1.190507	13.095579	0.253707
431752.581746	0.621532	298.828125	52.148437
431752.583746	0.950556	298.828125	52.148437
431752.585747	1.183196	298.828125	52.148437
431752.587748	1.193619	298.828125	52.148437
431752.589747	1.190569	13.096262	0.202872
431753.599759	0.962711	79.785156	-527.832031
431753.601762	1.190004	79.785156	-527.832031
431753.603759	1.193217	79.785156	-527.832031
431753.605760	1.190274	13.093018	0.444370
431754.647821	0.899767	307.519531	56.933594
431754.649823	1.165582	307.519531	56.933594
431754.651822	1.193910	307.519531	56.933594
431754.653821	1.190565	13.096217	0.255921
431755.662388	0.696385	88.769531	-503.027344
431755.664398	1.021259	88.769531	-503.027344
431755.666402	1.195190	88.769531	-503.027344
431755.668402	1.193296	13.126261	0.664383
431756.742491	0.487730	299.316406	53.515625
431756.744492	0.821934	299.316406	53.515625
431756.746492	1.123557	299.316406	53.515625
431756.748494	1.195160	299.316406	53.515625
431756.750493	1.191311	13.104416	0.201126
431757.760532	0.857487	79.199219	-527.929687
431757.762533	0.870452	79.199219	-527.929687
431757.764533	1.194544	79.199219	-527.929687
431757.766534	1.194358	13.137941	0.191659
431758.806543	0.429736	308.984375	58.203125
431758.808544	0.765935	308.984375	58.203125
431758.810544	1.082912	308.984375	58.203125
431758.812545	1.197262	308.984375	58.203125
431758.814544	1.193458	13.128041	0.283169
431759.823135	0.561718	90.820312	-496.386719
431759.825138	0.893495	90.820312	-496.386719
431759.827137	1.162937	90.820312	-496.386719
431759.829138	1.194231	90.820312	-496.386719
431759.831138	1.190867	13.099541	0.265071
431760.903150	0.333028	302.246094	54.687500
431760.905152	0.673426	302.246094	54.687500
431760.907172	0.999619	302.246094	54.687500
431760.909175	1.193655	302.246094	54.687500
431760.911176	1.193505	302.246094	54.687500
431760.913177	1.190675	13.097423	0.220705
431761.919215	0.379749	91.992187	-494.921875
431761.921218	0.717893	91.992187	-494.921875
431761.923217	1.041250	91.992187	-494.921875
431761.925217	1.196116	91.992187	-494.921875
431761.927217	1.193142	13.124558	0.201405
431763.001218	0.491589	300.390625	51.953125
431763.003223	0.825657	300.390625	51.953125
431763.005221	1.125953	300.390625	51.953125
431763.007224	1.194382	300.390625	51.953125
431763.009222	1.190568	13.096252	0.174067
431764.019774	0.947201	73.730469	-544.726562
431764.021776	1.182081	73.730469	-544.726562
431764.023776	1.193366	73.730469	-544.726562
431764.025774	1.190232	13.092548	0.156191
431765.065799	1.573676	303.710937	52.343750
431765.067802	0.858628	303.710937	52.343750
431765.069801	1.145713	303.710937	52.343750
431765.071800	1.194646	303.710937	52.343750
431765.073802	1.191138	13.102518	0.214461
431766.081821	0.562711	83.984375	-517.187500
431766.083822	0.894354	83.984375	-517.187500
431766.085823	1.163327	83.984375	-517.187500
431766.087822	1.194288	83.984375	-517.187500
431766.089823	1.191050	13.101553	0.212660
431767.161832	0.333147	299.023437	49.609375
431767.163833	0.673388	299.023437	49.609375
431767.165856	0.999583	299.023437	49.609375
431767.167852	1.193837	299.023437	49.609375
431767.169853	1.193852	299.023437	49.609375
431767.171852	1.190992	13.100915	0.169993
431768.177908	0.381668	85.253906	-515.136719
431768.179911	0.719667	85.253906	-515.136719
431768.181911	1.042873	85.253906	-515.136719
431768.183912	1.195940	85.253906	-515.136719
431768.185910	1.192872	13.121590	0.169022
431769.228805	0.770648	307.519531	52.832031
431769.230807	1.086581	307.519531	52.832031
431769.232806	1.196558	307.519531	52.832031
431769.234807	1.192803	13.120828	0.219103
431770.243349	0.560820	91.406250	-502.343750
431770.245353	0.892568	91.406250	-502.343750
431770.247351	1.162387	91.406250	-502.343750
431770.249351	1.193981	91.406250	-502.343750
431770.251351	1.190687	13.097556	0.223384
431771.325395	0.676691	294.140625	48.339844
431771.327398	1.002651	294.140625	48.339844
431771.329402	1.193030	294.140625	48.339844
431771.331402	1.192823	13.121050	0.157738
431772.339430	0.379422	93.359375	-500.195312
431772.341432	0.717454	93.359375	-500.195312
431772.343432	1.040837	93.359375	-500.195312
431772.345432	1.196250	93.359375	-500.195312
431772.347433	1.193345	13.126792	0.188388
431773.390008	0.715173	297.851562	51.464844
431773.392009	1.038868	297.851562	51.464844
431773.396007	1.193394	297.851562	51.464844
431773.398009	1.190741	13.098149	0.205500
431774.438007	0.620605	86.621094	-521.093750
431774.440008	0.949600	86.621094	-521.093750
431774.442010	1.182241	86.621094	-521.093750
431774.444008	1.192612	86.621094	-521.093750
431774.446008	1.189437	13.083810	0.277398
431775.452570	0.410346	301.074219	55.468750
431775.454572	0.747155	301.074219	55.468750
431775.456573	1.067094	301.074219	55.468750
431775.458573	1.196343	301.074219	55.468750
431775.460572	1.192727	13.119995	0.274170
431776.500595	0.314127	96.875000	-494.140625
431776.502598	0.655252	96.875000	-494.140625
431776.504598	0.982415	96.875000	-494.140625
431776.506602	1.189781	96.875000	-494.140625
431776.508604	1.192452	96.875000	-494.140625
431776.510604	1.189475	13.084227	0.217625
431777.552659	0.900396	294.824219	55.859375
431777.556657	1.193722	294.824219	55.859375
431777.560657	1.188429	294.824219	55.859375
431777.562661	1.187083	13.057915	0.185544
431778.601205	0.895185	91.113281	-508.593750
431778.603207	1.163370	91.113281	-508.593750
431778.605205	1.193638	91.113281	-508.593750
431778.607206	1.190277	13.093044	0.165366
431779.647734	0.554303	290.332031	55.273437
431779.649734	0.886298	290.332031	55.273437
431779.651735	1.159506	290.332031	55.273437
431779.655735	1.190704	290.332031	55.273437
431779.657735	1.188650	13.075151	0.150240
431780.665778	0.921879	94.726562	-494.726562
431780.667783	1.173759	94.726562	-494.726562
431780.669781	1.193210	94.726562	-494.726562
431780.671781	1.189978	13.089757	0.222722
431781.713839	0.841113	291.699219	57.714844
431781.715842	1.135430	291.699219	57.714844
431781.717842	1.194519	291.699219	57.714844
431781.719842	1.190835	13.099186	0.201953
431782.759904	0.420963	88.964844	-508.496094
431782.761907	0.757420	88.964844	-508.496094
431782.763906	1.075779	88.964844	-508.496094
431782.765906	1.081683	88.964844	-508.496094
431782.769904	1.190295	13.093248	0.168980
431783.808008	0.337050	285.253906	56.933594
431783.810006	0.677028	285.253906	56.933594
431783.812012	1.003056	285.253906	56.933594
431783.814014	1.193566	285.253906	56.933594
431783.816014	1.193302	13.126323	0.150853
431784.824073	0.384854	104.394531	-465.332031
431784.826075	0.722695	104.394531	-465.332031
431784.828077	0.735312	104.394531	-465.332031
431784.830078	1.196265	104.394531	-465.332031
431784.832084	1.193086	13.123947	0.210423
431785.873019	0.446990	295.410156	62.011719
431785.875020	0.782575	295.410156	62.011719
431785.877019	1.095814	295.410156	62.011719
431785.879019	1.196465	295.410156	62.011719
431785.881020	1.192571	13.118277	0.203485
431786.920989	0.343277	96.191406	-486.328125
431786.922991	0.683020	96.191406	-486.328125
431786.926988	1.193259	96.191406	-486.328125
431786.928991	1.192316	96.191406	-486.328125
431786.930992	1.189502	13.084519	0.175736
431787.970974	0.581644	286.914062	58.300781
431787.972975	0.912632	286.914062	58.300781
431787.974974	1.170565	286.914062	58.300781
431787.978973	1.190195	286.914062	58.300781
431787.980975	1.188218	13.070402	0.164770
431788.985009	0.278247	94.824219	-488.183594
431788.987011	0.621153	94.824219	-488.183594
431788.989010	0.950050	94.824219	-488.183594
431788.991011	1.182466	94.824219	-488.183594
431788.993012	1.192763	94.824219	-488.183594
431788.995010	1.189670	13.086370	0.222595
431790.037031	0.860545	292.578125	61.328125
431790.039033	1.146392	292.578125	61.328125
431790.041033	1.194037	292.578125	61.328125
431790.043034	1.190544	13.095979	0.215233
431791.085097	0.778326	86.816406	-508.105469
431791.087100	1.092870	86.816406	-508.105469
431791.089100	1.198112	86.816406	-508.105469
431791.091101	1.194338	13.137720	0.175179
431792.131159	0.353237	288.085937	58.300781
431792.133162	0.692457	288.085937	58.300781
431792.135161	1.017545	288.085937	58.300781
431792.137160	1.194818	288.085937	58.300781
431792.139160	1.193207	13.125278	0.179899
431793.147255	0.403386	103.808594	-459.863281
431793.149258	0.740486	103.808594	-459.863281
431793.151259	1.061372	103.808594	-459.863281
431793.153257	1.196285	103.808594	-459.863281
431793.155258	1.192683	13.119516	0.218327
431794.199250	0.970513	293.457031	60.156250
431794.201251	1.187539	293.457031	60.156250
431794.203252	1.192620	293.457031	60.156250
431794.205252	1.189579	13.085370	0.423962
431795.245290	0.551258	88.867187	-501.953125
431795.247292	0.883233	88.867187	-501.953125
431795.249292	1.158078	88.867187	-501.953125
431795.251292	1.193988	88.867187	-501.953125
431795.255290	1.188622	13.074842	0.171273
431796.293339	0.464457	290.136719	58.203125
431796.295341	0.799218	290.136719	58.203125
431796.297341	1.107848	290.136719	58.203125
431796.299341	1.194905	290.136719	58.203125
431796.301342	1.190982	13.100800	0.179779
431797.311425	0.843219	99.707031	-470.410156
431797.313427	1.136345	99.707031	-470.410156
431797.317425	1.190233	99.707031	-470.410156
431797.319426	1.188075	13.068825	0.221970
431798.392021	0.720451	281.640625	54.003906
431798.396022	1.196486	281.640625	54.003906
431798.398026	1.193501	281.640625	54.003906
431798.400024	1.190801	13.098814	0.134447
431799.406118	0.433500	90.136719	-496.289062
431799.408118	0.769374	90.136719	-496.289062
431799.410118	1.085412	90.136719	-496.289062
431799.412118	1.196088	90.136719	-496.289062
431799.414117	1.192226	13.114483	0.173655
431800.456150	0.677987	291.894531	58.398437
431800.458157	1.003843	291.894531	58.398437
431800.460161	1.192556	291.894531	58.398437
431800.462159	1.191906	13.110965	0.527198
431801.470684	0.465091	97.070312	-476.953125
431801.472685	0.799920	97.070312	-476.953125
431801.474685	1.108632	97.070312	-476.953125
431801.476685	1.196011	97.070312	-476.953125
431801.478684	1.192167	13.113836	0.242111
431802.554693	0.906542	281.054687	53.515625
431802.556693	1.168111	281.054687	53.515625
431802.558692	1.193497	281.054687	53.515625
431802.560693	1.190257	13.092832	0.134369
431803.568715	0.612158	87.011719	-505.664062
431803.570719	0.941517	87.011719	-505.664062
431803.574715	1.193120	87.011719	-505.664062
431803.576716	1.189971	87.011719	-505.664062
431803.578719	1.188097	13.069063	0.189190
431804.616769	0.525360	292.578125	57.031250
431804.618771	0.858133	292.578125	57.031250
431804.620772	1.144928	292.578125	57.031250
431804.622771	1.193939	292.578125	57.031250
431804.624771	1.190377	13.094145	0.181131
431805.666817	0.772090	86.035156	-509.765625
431805.668818	1.087546	86.035156	-509.765625
431805.670819	1.196493	86.035156	-509.765625
431805.672819	1.192728	13.120005	0.153808
431806.713357	0.429410	289.160156	54.003906
431806.715360	0.765408	289.160156	54.003906
431806.717359	1.082282	289.160156	54.003906
431806.719359	1.196456	289.160156	54.003906
431806.721360	1.192685	13.119534	0.136446
431807.729878	1.597950	90.917969	-497.363281
431807.731881	0.882839	90.917969	-497.363281
431807.733880	1.157715	90.917969	-497.363281
431807.735880	1.193853	90.917969	-497.363281
431807.739878	1.188396	13.072360	0.193851
431808.777886	0.454522	293.554687	55.468750
431808.779888	0.789714	293.554687	55.468750
431808.781887	1.100817	293.554687	55.468750
431808.783888	1.194921	293.554687	55.468750
431808.785886	1.190983	13.100808	0.176047
431809.827922	0.701741	89.062500	-505.761719
431809.829924	1.026265	89.062500	-505.761719
431809.831925	1.194291	89.062500	-505.761719
431809.833924	1.191905	13.110955	0.153227
431810.876459	0.694804	291.308594	52.636719
431810.878463	1.019756	291.308594	52.636719
431810.882459	1.191974	291.308594	52.636719
431810.884459	1.189235	13.081586	0.573202
431811.891409	0.550286	93.945312	-493.261719
431811.893410	0.882246	93.945312	-493.261719
431811.895409	0.891237	93.945312	-493.261719
431811.899408	1.189615	93.945312	-493.261719
431811.901409	1.187669	13.064358	0.205073
431812.939435	0.458795	297.167969	51.953125
431812.941438	0.793855	297.167969	51.953125
431812.943437	1.104243	297.167969	51.953125
431812.945438	1.196174	297.167969	51.953125
431812.947438	1.192293	13.115228	0.185611
431813.987471	0.364537	86.035156	-517.089844
431813.989474	0.703098	86.035156	-517.089844
431813.991472	1.027559	86.035156	-517.089844
431813.995472	1.191886	86.035156	-517.089844
431813.997475	1.189169	13.080859	0.159776
431815.037480	0.607424	293.066406	47.753906
431815.039482	0.936943	293.066406	47.753906
431815.041482	1.178590	293.066406	47.753906
431815.043481	1.192803	293.066406	47.753906
431815.045483	1.189644	13.086088	0.192664
431816.053534	0.646956	89.746094	-508.886719
431816.055536	0.974421	89.746094	-508.886719
431816.057536	1.188475	89.746094	-508.886719
431816.059535	1.192815	89.746094	-508.886719
431816.061537	1.189810	13.087914	0.425370
431817.101541	0.550075	306.835937	50.097656
431817.103542	0.882121	306.835937	50.097656
431817.105542	1.157142	306.835937	50.097656
431817.107542	1.193431	306.835937	50.097656
431817.111541	1.187990	13.067893	0.192971
431818.151565	0.793221	80.761719	-532.031250
431818.153568	1.103429	80.761719	-532.031250
431818.155568	1.195158	80.761719	-532.031250
431818.157567	1.191311	13.104416	0.156861
431819.199587	0.702240	305.273437	46.875000
431819.201587	1.026696	305.273437	46.875000
431819.205588	1.192120	305.273437	46.875000
431819.207588	1.189467	13.084138	0.158628
431820.214168	0.496080	93.945312	-494.531250
431820.218169	1.128486	93.945312	-494.531250
431820.220170	1.194690	93.945312	-494.531250
431820.222171	1.190938	13.100321	0.197945
431821.266142	1.052499	317.578125	48.144531
431821.268144	1.195469	317.578125	48.144531
431821.272142	1.189353	13.082880	0.213866
431822.310689	0.388639	77.343750	-537.304687
431822.312693	0.726207	77.343750	-537.304687
431822.314693	1.048715	77.343750	-537.304687
431822.316692	1.195516	77.343750	-537.304687
431822.318693	1.192227	13.114501	0.147152
431823.360734	0.636235	310.058594	45.605469
431823.362738	0.964281	310.058594	45.605469
431823.364738	1.185932	310.058594	45.605469
431823.366738	1.192542	310.058594	45.605469
431823.368743	1.189514	13.084652	0.350265
431824.374749	0.331884	88.085937	-504.980469
431824.376750	0.671928	88.085937	-504.980469
431824.378773	0.998082	88.085937	-504.980469
431824.380774	1.192593	88.085937	-504.980469
431824.382774	1.192486	88.085937	-504.980469
431824.384775	1.189638	13.086017	0.190357
431825.456791	0.451421	305.664062	43.457031
431825.458792	0.786728	305.664062	43.457031
431825.460792	1.098888	305.664062	43.457031
431825.462794	1.196231	305.664062	43.457031
431825.464793	1.192372	13.116096	0.131076
431826.472831	0.489549	76.464844	-535.546875
431826.474833	0.823382	76.464844	-535.546875
431826.476833	1.124057	76.464844	-535.546875
431826.478831	1.194138	76.464844	-535.546875
431826.480832	1.190328	13.093603	0.141909
431827.521804	0.556384	316.699219	46.777344
431827.523804	0.888111	316.699219	46.777344
431827.525806	1.160057	316.699219	46.777344
431827.527807	1.193486	316.699219	46.777344
431827.529805	1.190122	13.091343	0.183797
431828.536750	0.412130	77.734375	-529.785156
431828.538752	0.748735	77.734375	-529.785156
431828.540751	1.068348	77.734375	-529.785156
431828.542751	1.196090	77.734375	-529.785156
431828.544751	1.196031	13.156340	0.187546
431829.618801	0.531897	305.371094	44.433594
431829.620801	0.864444	305.371094	44.433594
431829.622803	1.148275	305.371094	44.433594
431829.624801	1.193579	305.371094	44.433594
431829.626800	1.190089	13.090981	0.146009
431830.634872	0.575903	68.359375	-556.542969
431830.636875	0.907038	68.359375	-556.542969
431830.638875	1.168255	68.359375	-556.542969
431830.640874	1.193314	68.359375	-556.542969
431830.642875	1.190000	13.089996	0.135778
431831.684905	0.819406	316.503906	47.265625
431831.686908	1.121480	316.503906	47.265625
431831.688908	1.194071	316.503906	47.265625
431831.690905	1.190169	13.091858	0.184063
431832.701456	0.938524	74.804687	-536.816406
431832.703457	1.179330	74.804687	-536.816406
431832.705457	1.193205	74.804687	-536.816406
431832.707456	1.190097	13.091068	0.244957
431833.779525	0.394298	305.761719	44.042969
431833.781529	0.731676	305.761719	44.042969
431833.783526	1.053455	305.761719	44.042969
431833.787526	1.191499	305.761719	44.042969
431833.789528	1.188906	13.077970	0.147441
431834.797578	0.772356	68.359375	-558.300781
431834.799579	1.088102	68.359375	-558.300781
431834.801581	1.198122	68.359375	-558.300781
431834.803579	1.194378	13.138154	0.142860
431835.843681	0.354885	315.332031	46.386719
431835.845683	0.693913	315.332031	46.386719
431835.847683	1.018940	315.332031	46.386719
431835.849684	1.193810	315.332031	46.386719
431835.851681	1.191859	13.110451	0.196308
431836.861709	0.730692	86.914062	-503.613281
431836.863712	1.052557	86.914062	-503.613281
431836.867711	1.191454	86.914062	-503.613281
431836.869712	1.188856	13.077420	0.189995
431837.942232	0.590331	307.812500	43.359375
431837.944234	0.920791	307.812500	43.359375
431837.946235	1.173706	307.812500	43.359375
431837.948234	1.193746	307.812500	43.359375
431837.950236	1.190500	13.095500	0.146912
431838.960252	0.955227	72.656250	-546.386719
431838.962256	1.184027	72.656250	-546.386719
431838.964255	1.192935	72.656250	-546.386719
431838.966255	1.189793	13.087727	0.285174
431840.006263	0.532824	316.503906	45.312500
431840.008263	0.865308	316.503906	45.312500
431840.010264	1.148581	316.503906	45.312500
431840.012264	1.193293	316.503906	45.312500
431840.014264	1.189772	13.087488	0.187908
431841.024297	0.902174	91.503906	-492.578125
431841.026298	1.165807	91.503906	-492.578125
431841.028299	1.192659	91.503906	-492.578125
431841.030299	1.189362	13.082987	0.208166
431842.102310	0.343509	308.496094	43.261719
431842.104311	0.683119	308.496094	43.261719
431842.106311	1.008640	308.496094	43.261719
431842.108313	1.192652	308.496094	43.261719
431842.110311	1.191539	13.106932	0.143866
431843.118303	0.376873	75.390625	-541.406250
431843.120304	0.714845	75.390625	-541.406250
431843.122306	1.038308	75.390625	-541.406250
431843.124310	1.195391	75.390625	-541.406250
431843.126314	1.192501	13.117513	0.165018
431844.168357	0.624745	314.355469	45.214844
431844.170358	0.953320	314.355469	45.214844
431844.172359	1.183160	314.355469	45.214844
431844.174359	1.192562	314.355469	45.214844
431844.176358	1.192465	13.117114	0.305436
431845.216445	0.545641	74.707031	-545.605469
431845.218447	0.877655	74.707031	-545.605469
431845.220447	1.155010	74.707031	-545.605469
431845.226447	1.187936	74.707031	-545.605469
431845.228449	1.186544	13.051986	0.127968
431846.266465	0.786967	305.468750	43.847656
431846.268466	1.098894	305.468750	43.847656
431846.270469	1.195926	305.468750	43.847656
431846.272474	1.192132	13.113455	0.130239
431847.281078	0.585857	82.226562	-525.390625
431847.283083	0.916502	82.226562	-525.390625
431847.285081	1.171826	82.226562	-525.390625
431847.287080	1.193300	82.226562	-525.390625
431847.289081	1.190028	13.090306	0.176498
431848.331139	0.834094	312.988281	47.460937
431848.333143	1.130762	312.988281	47.460937
431848.335142	1.193864	312.988281	47.460937
431848.337141	1.190116	13.091272	0.170748
431849.377699	0.497850	81.347656	-527.148437
431849.379699	0.512432	81.347656	-527.148437
431849.381701	1.129103	81.347656	-527.148437
431849.383701	1.193694	81.347656	-527.148437
431849.385700	1.189945	13.089394	0.145159
431850.427731	0.742204	299.902344	46.191406
431850.429731	1.062689	299.902344	46.191406
431850.431731	1.195446	299.902344	46.191406
431850.433731	1.191783	13.109617	0.131539
431851.441729	0.437065	87.597656	-507.031250
431851.443729	0.772768	87.597656	-507.031250
431851.445730	1.088028	87.597656	-507.031250
431851.447732	1.196132	87.597656	-507.031250
431851.449734	1.192238	13.114615	0.204977
431852.491758	2.164564	308.007812	50.683594
431852.493764	1.007655	308.007812	50.683594
431852.495759	1.193317	308.007812	50.683594
431852.497761	1.192488	13.117364	0.556021
431853.540706	0.744913	86.816406	-506.347656
431853.542705	1.065077	86.816406	-506.347656
431853.544705	1.196263	86.816406	-506.347656
431853.548704	1.189981	13.089792	0.149609
431854.587243	0.402336	297.851562	49.121094
431854.589245	0.739346	297.851562	49.121094
431854.591245	1.060209	297.851562	49.121094
431854.593244	1.195758	297.851562	49.121094
431854.595246	1.192173	13.113907	0.132044
431855.603765	0.522316	90.332031	-492.480469
431855.605767	0.855121	90.332031	-492.480469
431855.607767	1.143117	90.332031	-492.480469
431855.609767	1.193498	90.332031	-492.480469
431855.611768	1.189891	13.088799	0.200346
431856.651866	0.442849	305.957031	51.660156
431856.653868	0.778306	305.957031	51.660156
431856.655868	0.790540	305.957031	51.660156
431856.657868	1.197052	305.957031	51.660156
431856.659869	1.193305	13.126350	0.175123
431857.701886	0.684830	87.109375	-498.535156
431857.703886	1.010224	87.109375	-498.535156
431857.705887	1.193007	87.109375	-498.535156
431857.707888	1.191922	13.111141	0.545014
431858.748867	0.417186	299.121094	50.878906
431858.750872	0.753546	299.121094	50.878906
431858.752871	1.072320	299.121094	50.878906
431858.754869	1.195568	299.121094	50.878906
431858.756870	1.191786	13.109644	0.131990
431859.767788	0.933937	88.378906	-491.699219
431859.769790	1.177161	88.378906	-491.699219
431859.771790	1.192054	88.378906	-491.699219
431859.773790	1.188978	13.078759	0.204142
431860.815833	0.848846	307.128906	53.808594
431860.817833	1.139633	307.128906	53.808594
431860.819834	1.193771	307.128906	53.808594
431860.821835	1.190047	13.090519	0.180507
431861.862391	0.512060	88.964844	-489.941406
431861.864390	0.845153	88.964844	-489.941406
431861.866390	1.137429	88.964844	-489.941406
431861.868391	1.193669	88.964844	-489.941406
431861.870390	1.189999	13.089988	0.149695
431862.912389	0.751087	300.683594	51.855469
431862.914392	1.070191	300.683594	51.855469
431862.916392	1.195609	300.683594	51.855469
431862.918392	1.191945	13.111399	0.135309
431863.926966	0.543837	90.332031	-484.375000
431863.928965	0.875992	90.332031	-484.375000
431863.932966	1.193371	90.332031	-484.375000
431863.936965	1.187872	90.332031	-484.375000
431863.938967	1.186458	13.051038	0.195704
431864.976991	0.463946	304.687500	53.222656
431864.978993	1.099446	304.687500	53.222656
431864.980991	1.195558	304.687500	53.222656
431864.982991	1.191654	13.108199	0.190342
431866.025018	0.696852	86.230469	-495.019531
431866.029016	1.197274	86.230469	-495.019531
431866.031018	1.195355	86.230469	-495.019531
431866.033019	1.192815	13.120960	0.159248
431867.071578	0.355214	300.195312	51.562500
431867.073580	0.694199	300.195312	51.562500
431867.075582	1.019037	300.195312	51.562500
431867.081579	1.189160	300.195312	51.562500
431867.085579	1.186190	13.048096	0.150615
431868.087566	0.386265	96.875000	-462.890625
431868.089569	0.723837	96.875000	-462.890625
431868.091568	1.046392	96.875000	-462.890625
431868.093570	1.194466	96.875000	-462.890625
431868.095569	1.191089	13.101978	0.211534
431869.138123	0.721162	309.960937	54.199219
431869.142123	1.194574	309.960937	54.199219
431869.144124	1.191349	309.960937	54.199219
431869.146124	1.188784	13.076623	0.193204
431870.186717	0.722839	87.792969	-488.378906
431870.188718	1.045593	87.792969	-488.378906
431870.190720	1.195750	87.792969	-488.378906
431870.192720	1.192605	13.118656	0.717739
431871.235655	0.783783	302.441406	51.562500
431871.237658	1.096338	302.441406	51.562500
431871.239658	1.195210	302.441406	51.562500
431871.241658	1.191297	13.104265	0.145301
431872.252178	0.897975	95.898437	-464.453125
431872.254181	1.163999	95.898437	-464.453125
431872.256186	1.192716	95.898437	-464.453125
431872.258190	1.189362	13.082977	0.212158
431873.298700	0.558534	311.718750	53.808594
431873.300699	0.890138	311.718750	53.808594
431873.302701	1.160905	311.718750	53.808594
431873.304701	1.193373	311.718750	53.808594
431873.306700	1.189939	13.089332	0.198753
431874.347605	0.615113	89.355469	-484.863281
431874.349607	0.944184	89.355469	-484.863281
431874.351610	1.180530	89.355469	-484.863281
431874.353607	1.192330	89.355469	-484.863281
431874.355606	1.189231	13.081541	0.261237
431875.394536	0.335695	305.957031	51.367187
431875.396540	0.675581	305.957031	51.367187
431875.398547	1.001354	305.957031	51.367187
431875.400552	1.191967	305.957031	51.367187
431875.402551	1.191509	305.957031	51.367187
431875.404551	1.188727	13.075994	0.146868
431876.446583	0.915844	73.535156	-532.519531
431876.448584	1.171141	73.535156	-532.519531
431876.450585	1.192609	73.535156	-532.519531
431876.452585	1.192485	13.117336	0.121102
431877.492617	0.494581	293.554687	47.167969
431877.494620	0.828303	293.554687	47.167969
431877.496620	1.127274	293.554687	47.167969
431877.498619	1.194188	293.554687	47.167969
431877.500619	1.190357	13.093930	0.106802
431878.508665	0.536044	91.113281	-482.324219
431878.510667	0.868353	91.113281	-482.324219
431878.512667	1.150201	91.113281	-482.324219
431878.514668	1.193320	91.113281	-482.324219
431878.516669	1.189747	13.087222	0.166049
431879.557608	0.596682	308.203125	49.609375
431879.559610	0.926751	308.203125	49.609375
431879.561608	1.174928	308.203125	49.609375
431879.563609	1.192337	308.203125	49.609375
431879.565610	1.189197	13.081169	0.161687
431880.605655	0.506245	81.445312	-513.574219
431880.607658	0.839449	81.445312	-513.574219
431880.609657	1.134040	81.445312	-513.574219
431880.611656	1.193912	81.445312	-513.574219
431880.613657	1.190268	13.092947	0.129233
431881.654184	0.499391	299.218750	45.507812
431881.656185	0.832878	299.218750	45.507812
431881.658185	1.129846	299.218750	45.507812
431881.660184	1.193395	299.218750	45.507812
431881.662185	1.189677	13.086442	0.105807
431882.668729	0.281588	83.886719	-508.496094
431882.670732	0.624077	83.886719	-508.496094
431882.672738	0.952930	83.886719	-508.496094
431882.674740	1.182940	83.886719	-508.496094
431882.676741	1.191936	83.886719	-508.496094
431882.678743	1.188843	13.077278	0.184695
431883.722765	1.147353	310.546875	46.484375
431883.724766	1.192985	310.546875	46.484375
431883.726766	1.189506	13.084564	0.150720
431884.767314	0.526813	79.394531	-523.144531
431884.769315	0.859407	79.394531	-523.144531
431884.771316	1.145489	79.394531	-523.144531
431884.773317	1.193423	79.394531	-523.144531
431884.775317	1.189832	13.088153	0.136162
431885.817836	0.848365	306.640625	43.652344
431885.819837	1.139352	306.640625	43.652344
431885.821837	1.193771	306.640625	43.652344
431885.823837	1.190112	13.091228	0.112823
431886.832798	0.711164	89.355469	-497.460937
431886.834800	1.034859	89.355469	-497.460937
431886.836800	1.194403	89.355469	-497.460937
431886.838802	1.191625	13.107871	0.172774
431887.879364	0.371884	318.750000	44.726562
431887.881368	0.710008	318.750000	44.726562
431887.883366	1.033798	318.750000	44.726562
431887.885367	1.195052	318.750000	44.726562
431887.887366	1.192356	13.115918	0.161498
431888.932406	1.098638	69.824219	-552.050781
431888.936407	1.191136	69.824219	-552.050781
431888.938407	1.188822	13.077040	0.124797
431889.976478	1.382973	309.960937	40.820312
431889.978479	0.704159	309.960937	40.820312
431889.980479	0.716351	309.960937	40.820312
431889.982479	1.194013	309.960937	40.820312
431889.984478	1.191376	13.105133	0.127222
431890.992531	0.408287	84.765625	-507.421875
431890.994532	0.744890	84.765625	-507.421875
431890.996533	1.064825	84.765625	-507.421875
431890.998533	1.195296	84.765625	-507.421875
431891.002530	1.189085	13.079938	0.170079
431892.041476	0.470851	326.171875	42.871094
431892.043478	0.486859	326.171875	42.871094
431892.045476	1.111794	326.171875	42.871094
431892.047478	1.194128	326.171875	42.871094
431892.049476	1.190207	13.092282	0.184315
431893.089997	0.461573	67.773437	-555.859375
431893.092001	0.796356	67.773437	-555.859375
431893.094003	1.105579	67.773437	-555.859375
431893.096004	1.194700	67.773437	-555.859375
431893.098002	1.190776	13.098539	0.121346
431894.138052	0.371674	318.554687	41.015625
431894.140052	0.709822	318.554687	41.015625
431894.142052	1.033518	318.554687	41.015625
431894.144053	1.193851	318.554687	41.015625
431894.146052	1.191037	13.101410	0.138678
431895.154124	0.417593	80.566406	-516.015625
431895.156125	0.753802	80.566406	-516.015625
431895.158127	1.072411	80.566406	-516.015625
431895.160127	1.078115	80.566406	-516.015625
431895.162126	1.191418	13.105594	0.149250
431896.203066	0.479098	332.812500	44.042969
431896.205066	0.813209	332.812500	44.042969
431896.207067	1.117066	332.812500	44.042969
431896.209066	1.193495	332.812500	44.042969
431896.211066	1.189604	13.085645	0.186979
431897.251080	0.383740	70.214844	-544.531250
431897.253082	0.721400	70.214844	-544.531250
431897.255081	1.044133	70.214844	-544.531250
431897.257081	1.194955	70.214844	-544.531250
431897.259082	1.191702	13.108722	0.120359
431898.299656	0.383637	314.746094	40.039062
431898.301659	0.721273	314.746094	40.039062
431898.303659	1.044136	314.746094	40.039062
431898.305661	1.194928	314.746094	40.039062
431898.309663	1.189138	13.080513	0.155322
431899.315666	0.419036	78.613281	-516.601562
431899.317668	0.755346	78.613281	-516.601562
431899.319669	1.073662	78.613281	-516.601562
431899.321669	1.195319	78.613281	-516.601562
431899.323670	1.191496	13.106454	0.155419
431900.396618	0.350544	312.011719	39.550781
431900.398621	0.689711	312.011719	39.550781
431900.400619	1.014723	312.011719	39.550781
431900.402620	1.196862	312.011719	39.550781
431900.404620	1.195597	13.151563	0.115039
431901.412607	0.382732	63.183594	-561.035156
431901.414610	0.720346	63.183594	-561.035156
431901.416609	1.043215	63.183594	-561.035156
431901.418609	1.195286	63.183594	-561.035156
431901.420609	1.192196	13.114155	0.110448
431902.462613	0.625223	323.144531	41.406250
431902.464615	0.953647	323.144531	41.406250
431902.468614	1.191879	323.144531	41.406250
431902.470615	1.188871	323.144531	41.406250
431902.472615	1.187092	13.058013	0.154194
431903.477169	0.413596	74.707031	-528.320312
431903.479172	0.750030	74.707031	-528.320312
431903.481172	1.069191	74.707031	-528.320312
431903.483173	1.195240	74.707031	-528.320312
431903.485173	1.191502	13.106524	0.163276
431904.559200	0.529607	309.472656	38.378906
431904.561200	0.862115	309.472656	38.378906
431904.563202	1.146667	309.472656	38.378906
431904.565200	1.192923	309.472656	38.378906
431904.567203	1.189413	13.083544	0.114059
431905.575229	1.064198	71.191406	-537.890625
431905.577232	0.898456	71.191406	-537.890625
431905.579233	1.164225	71.191406	-537.890625
431905.581231	1.192685	71.191406	-537.890625
431905.583231	1.189345	13.082800	0.121462
431906.626215	0.964391	325.781250	41.406250
431906.628219	1.185140	325.781250	41.406250
431906.630218	1.191514	325.781250	41.406250
431906.632219	1.188570	13.074265	0.160221
431907.640798	0.765387	71.679687	-535.937500
431907.642799	1.081907	71.679687	-535.937500
431907.644798	1.195363	71.679687	-535.937500
431907.646800	1.191588	13.107472	0.161067
431908.720821	0.545486	309.375000	38.085937
431908.722824	0.877456	309.375000	38.085937
431908.724825	1.154795	309.375000	38.085937
431908.726824	1.193225	309.375000	38.085937
431908.728823	1.189805	13.087852	0.111656
431909.738870	0.914718	72.363281	-535.644531
431909.740873	1.170361	72.363281	-535.644531
431909.742872	1.191988	72.363281	-535.644531
431909.744873	1.188830	13.077127	0.123722
431910.785408	0.578186	326.855469	41.113281
431910.787407	0.909134	326.855469	41.113281
431910.789409	1.168191	326.855469	41.113281
431910.791408	1.191981	326.855469	41.113281
431910.793408	1.188758	13.076340	0.149857
431911.803446	0.945321	80.566406	-512.304687
431911.805448	1.180551	80.566406	-512.304687
431911.807447	1.191966	80.566406	-512.304687
431911.809447	1.188885	13.077740	0.269374
431912.881447	0.391085	308.886719	37.109375
431912.883449	0.728422	308.886719	37.109375
431912.885449	1.050476	308.886719	37.109375
431912.887448	1.195085	308.886719	37.109375
431912.889449	1.191630	13.107924	0.114283
431913.899549	0.774801	69.921875	-545.800781
431913.901550	1.089264	69.921875	-545.800781
431913.903552	1.195043	69.921875	-545.800781
431913.905552	1.191192	13.103112	0.133411
431914.945554	0.339017	318.066406	40.136719
431914.947557	0.678549	318.066406	40.136719
431914.951554	1.191613	318.066406	40.136719
431914.953556	1.191028	318.066406	40.136719
431914.955556	1.188330	13.071633	0.143795
431915.995552	0.582257	70.996094	-543.066406
431915.999553	1.169994	70.996094	-543.066406
431916.003551	1.189081	70.996094	-543.066406
431916.005555	1.187174	13.058916	0.106557
431917.012105	0.707707	332.226562	44.531250
431917.014106	1.031562	332.226562	44.531250
431917.018106	1.191550	332.226562	44.531250
431917.020105	1.188900	13.077899	0.195712
431918.059075	0.437379	85.253906	-501.074219
431918.061077	0.772863	85.253906	-501.074219
431918.063078	1.087932	85.253906	-501.074219
431918.065079	1.195411	85.253906	-501.074219
431918.069075	1.189112	13.080230	0.152532
431919.107101	0.342543	318.066406	42.480469
431919.109101	0.682040	318.066406	42.480469
431919.111102	1.007459	318.066406	42.480469
431919.115100	1.192347	318.066406	42.480469
431919.117102	1.189499	13.084484	0.141097
431920.157679	0.682237	76.855469	-522.851562
431920.159683	1.007728	76.855469	-522.851562
431920.161682	1.192308	76.855469	-522.851562
431920.163684	1.191188	13.103067	0.509025
431921.204635	0.409262	308.007812	42.187500
431921.206636	0.745848	308.007812	42.187500
431921.208639	1.065709	308.007812	42.187500
431921.210637	1.195191	308.007812	42.187500
431921.212637	1.191412	13.105532	0.106791
431922.220698	0.451933	81.250000	-507.910156
431922.222698	0.786972	81.250000	-507.910156
431922.224700	1.098465	81.250000	-507.910156
431922.226699	1.194349	81.250000	-507.910156
431922.228700	1.190431	13.094737	0.166616
431923.268721	0.357425	312.695312	44.824219
431923.270723	0.696177	312.695312	44.824219
431923.272723	1.020871	312.695312	44.824219
431923.274724	1.192678	312.695312	44.824219
431923.276724	1.190460	13.095057	0.148771
431924.318806	0.614081	79.492187	-510.156250
431924.320812	0.943092	79.492187	-510.156250
431924.322817	1.180266	79.492187	-510.156250
431924.324817	1.191845	79.492187	-510.156250
431924.326817	1.188877	13.077641	0.119555
431925.367366	0.610844	306.152344	44.335937
431925.369367	0.939990	306.152344	44.335937
431925.371366	1.179052	306.152344	44.335937
431925.373366	1.192050	306.152344	44.335937
431925.375368	1.188988	13.078865	0.096422
431926.381349	0.299250	82.421875	-497.167969
431926.383351	0.640772	82.421875	-497.167969
431926.385350	0.968349	82.421875	-497.167969
431926.387353	1.186424	82.421875	-497.167969
431926.389357	1.191803	82.421875	-497.167969
431926.391357	1.188833	13.077163	0.167337
431927.433399	0.882068	312.402344	45.996094
431927.435398	1.156868	312.402344	45.996094
431927.437398	1.192848	312.402344	45.996094
431927.439399	1.189484	13.084324	0.140355
431928.479987	0.553144	77.734375	-507.226562
431928.481990	0.884828	77.734375	-507.226562
431928.483991	1.158172	77.734375	-507.226562
431928.485991	1.192872	77.734375	-507.226562
431928.487989	1.189456	13.084015	0.123414
431929.530024	0.797917	302.539062	44.726562
431929.534024	1.194486	302.539062	44.726562
431929.536026	1.190548	302.539062	44.726562
431929.538026	1.188280	13.071084	0.104869
431930.546584	0.917531	88.183594	-473.242187
431930.548588	1.171581	88.183594	-473.242187
431930.550592	1.192367	88.183594	-473.242187
431930.552592	1.189117	13.080282	0.161253
431931.595137	0.916175	304.589844	45.410156
431931.597139	1.171001	304.589844	45.410156
431931.599138	1.192094	304.589844	45.410156
431931.601139	1.188890	13.077792	0.136600
431932.641134	0.488818	77.246094	-502.929687
431932.643137	0.822611	77.246094	-502.929687
431932.645136	1.123204	77.246094	-502.929687
431932.647137	1.193246	77.246094	-502.929687
431932.649136	1.189403	13.083438	0.121435
431933.689171	0.397756	306.054687	45.507812
431933.691171	0.734798	306.054687	45.507812
431933.693172	1.055964	306.054687	45.507812
431933.695172	1.194352	306.054687	45.507812
431933.697171	1.190675	13.097423	0.110994
431934.706101	0.585458	86.425781	-475.195312
431934.708103	0.915890	86.425781	-475.195312
431934.712101	1.192293	86.425781	-475.195312
431934.714105	1.189111	86.425781	-475.195312
431934.716103	1.187215	13.059368	0.169771
431935.754092	0.489541	312.500000	46.875000
431935.756094	0.823183	312.500000	46.875000
431935.760094	1.193437	312.500000	46.875000
431935.762094	1.189681	312.500000	46.875000
431935.764100	1.187517	13.062692	0.153326
431936.802134	0.399847	77.441406	-500.976562
431936.804138	0.415397	77.441406	-500.976562
431936.806136	1.057689	77.441406	-500.976562
431936.808136	1.194486	77.441406	-500.976562
431936.810137	1.190835	13.099186	0.129945
431937.850216	0.311393	302.441406	44.921875
431937.852218	0.652287	302.441406	44.921875
431937.854217	0.979228	302.441406	44.921875
431937.856218	0.988478	302.441406	44.921875
431937.858217	1.190979	302.441406	44.921875
431937.860217	1.188182	13.070004	0.117045
431938.868257	0.689342	89.550781	-464.160156
431938.870257	1.014279	89.550781	-464.160156
431938.872257	1.192925	89.550781	-464.160156
431938.874259	1.191324	13.104566	0.579416
431939.915223	0.419358	317.480469	47.460937
431939.917227	0.755630	317.480469	47.460937
431939.919227	1.074004	317.480469	47.460937
431939.921226	1.196142	317.480469	47.460937
431939.923225	1.192380	13.116176	0.152943
431940.964173	1.513071	82.714844	-484.082031
431940.966176	0.816180	82.714844	-484.082031
431940.968176	0.826441	82.714844	-484.082031
431940.970173	1.193218	82.714844	-484.082031
431940.972174	1.189399	13.083385	0.126491
431942.012146	0.379815	309.863281	45.312500
431942.014145	0.717586	309.863281	45.312500
431942.016145	1.040704	309.863281	45.312500
431942.020143	1.192718	309.863281	45.312500
431942.022145	1.189915	13.089066	0.110972
431943.028182	0.418976	86.816406	-473.535156
431943.030182	0.755105	86.816406	-473.535156
431943.032183	1.073378	86.816406	-473.535156
431943.034183	1.195032	86.816406	-473.535156
431943.036183	1.191174	13.102917	0.179888
431944.078202	0.662649	319.433594	46.679687
431944.080205	0.719336	319.433594	46.679687
431944.082203	1.190224	319.433594	46.679687
431944.084203	1.191703	319.433594	46.679687
431944.086205	1.188865	13.077518	0.154991
431945.128734	0.981146	81.054687	-493.652344
431945.130736	1.188502	81.054687	-493.652344
431945.132738	1.191285	81.054687	-493.652344
431945.134736	1.188410	13.072511	0.398378
431946.175270	0.647598	308.007812	43.945312
431946.177275	0.974848	308.007812	43.945312
431946.179278	1.187772	308.007812	43.945312
431946.181278	1.191526	308.007812	43.945312
431946.183277	1.188630	13.074930	0.347505
431947.191871	0.659801	92.871094	-461.425781
431947.193871	1.092537	92.871094	-461.425781
431947.195872	1.199063	92.871094	-461.425781
431947.197871	1.195182	13.146999	0.180007
431948.238445	0.443418	314.453125	43.750000
431948.240449	0.778663	314.453125	43.750000
431948.242449	1.092314	314.453125	43.750000
431948.244449	1.194999	314.453125	43.750000
431948.246448	1.191129	13.102421	0.158293
431949.290466	1.013199	81.054687	-497.558594
431949.294467	1.192932	81.054687	-497.558594
431949.296468	1.188346	13.071810	0.136713
431950.335038	0.347448	315.625000	43.261719
431950.337039	0.686606	315.625000	43.261719
431950.339038	1.011771	315.625000	43.261719
431950.341039	1.192942	315.625000	43.261719
431950.343038	1.191611	13.107720	0.118934
431951.351037	0.381879	87.597656	-481.542969
431951.353038	0.719387	87.597656	-481.542969
431951.355038	1.042168	87.597656	-481.542969
431951.357039	1.193971	87.597656	-481.542969
431951.359039	1.194031	13.134344	0.188993
431952.401030	0.621212	327.929687	43.066406
431952.403033	0.949779	327.929687	43.066406
431952.405032	1.181808	327.929687	43.066406
431952.407033	1.191907	327.929687	43.066406
431952.409034	1.188858	13.077438	0.289009
431953.449957	0.678971	73.437500	-524.414062
431953.451964	1.004481	73.437500	-524.414062
431953.453966	1.192349	73.437500	-524.414062
431953.457962	1.188959	13.078547	0.511505
