time (s)	energy (uJ)	charge (mC)	voltage (mV)	crossing#mod 255
431648.412307	27.948624	0.013156	2.124398	140
431649.395831	40.258148	0.013119	3.068731	141
431650.477488	30.938457	0.013083	2.364749	142
431651.492435	39.740219	0.013118	3.029489	143
431652.591550	28.737471	0.013138	2.187412	144
431653.589203	32.974686	0.013122	2.512861	145
431654.639473	32.468224	0.013146	2.469728	146
431655.671400	34.841331	0.013157	2.648163	147
431656.735995	26.797352	0.013120	2.042486	148
431657.751839	40.065670	0.013085	3.062058	149
431658.818789	35.274155	0.013117	2.689250	150
431659.864853	33.417484	0.013113	2.548425	151
431660.897860	31.959848	0.013107	2.438325	152
431661.946405	30.634590	0.013084	2.341360	153
431662.994992	29.528324	0.013121	2.250417	154
431664.043584	27.527008	0.013109	2.099900	155
431665.059571	37.188568	0.013140	2.830152	156
431666.108117	30.288185	0.013134	2.306099	157
431667.140467	35.757969	0.013132	2.722934	158
431668.172623	37.025990	0.013127	2.820650	159
431669.253188	30.978390	0.013089	2.366735	160
431670.270292	32.232273	0.013115	2.457717	161
431671.351174	30.240036	0.013145	2.300543	162
431672.335121	75.184875	0.013106	5.736866	163
431673.415964	32.314861	0.013117	2.463608	164
431674.416066	38.717758	0.013101	2.955416	165
431675.511663	28.967861	0.013135	2.205417	166
431676.496344	38.925823	0.013105	2.970369	167
431677.591215	32.013443	0.013139	2.436602	168
431678.592874	33.663731	0.013134	2.563056	169
431679.674584	29.389774	0.013088	2.245581	170
431680.690857	30.115042	0.013081	2.302238	171
431681.770358	25.829000	0.013131	1.967054	172
431682.753932	37.434452	0.013098	2.857926	173
431683.850374	28.912848	0.013135	2.201251	174
431684.851615	30.981180	0.013136	2.358583	175
431685.932231	28.962923	0.013105	2.210089	176
431686.948167	26.482046	0.013105	2.020692	177
431687.996960	33.970509	0.013102	2.592765	178
431689.011538	33.388885	0.013086	2.551461	179
431690.093806	28.871189	0.013106	2.202968	180
431691.109716	28.460857	0.013101	2.172478	181
431692.139497	40.680130	0.013085	3.108956	182
431693.206779	25.151999	0.013095	1.920789	183
431694.255213	28.865931	0.013124	2.199398	184
431695.253606	37.072010	0.013115	2.826746	185
431696.320194	34.362389	0.013131	2.616823	186
431697.368454	28.309078	0.013110	2.159292	187
431698.419344	25.993191	0.013085	1.986558	188
431699.466155	23.511278	0.013113	1.792973	189
431700.514430	22.762449	0.013109	1.736449	190
431701.530647	32.036526	0.013123	2.441295	191
431702.577852	29.861296	0.013121	2.275848	192
431703.627137	25.162428	0.013082	1.923486	193
431704.676276	22.414579	0.013100	1.711007	194
431705.694125	28.310717	0.013106	2.160119	195
431706.733927	31.254286	0.013075	2.390398	196
431707.788691	26.153605	0.013098	1.996725	197
431708.836985	26.980049	0.013107	2.058436	198
431709.852926	30.098570	0.013101	2.297507	199
431710.915852	26.567688	0.013109	2.026653	200
431711.952686	23.155708	0.013105	1.766870	201
431712.998274	25.978081	0.013130	1.978518	202
431714.015333	31.827091	0.013105	2.428622	203
431715.095167	23.224789	0.013128	1.769124	204
431716.112199	26.337206	0.013122	2.007117	205
431717.160438	29.550608	0.013093	2.257004	206
431718.176693	31.345024	0.013116	2.389749	207
431719.258428	22.752960	0.013106	1.736007	208
431720.272278	23.761393	0.013097	1.814276	209
431721.322014	30.177753	0.013092	2.304989	210
431722.369418	23.065413	0.013099	1.760891	211
431723.401124	31.080532	0.013124	2.368202	212
431724.435289	26.085260	0.013090	1.992785	213
431725.516279	19.701349	0.013100	1.503883	214
431726.546018	17.814720	0.013093	1.360588	215
431727.580501	24.195951	0.013106	1.846181	216
431728.596409	30.029423	0.013097	2.292882	217
431729.693958	15.829105	0.013091	1.209133	218
431730.675990	28.341957	0.013123	2.159728	219
431731.739612	24.640156	0.013095	1.881695	220
431732.757227	30.498955	0.013123	2.324133	221
431733.838942	17.641462	0.013109	1.345779	222
431734.854844	26.415632	0.013098	2.016845	223
431735.903148	25.324755	0.013132	1.928525	224
431736.952522	22.348207	0.013131	1.701934	225
431737.984960	24.024195	0.013134	1.829127	226
431739.016988	27.390234	0.013129	2.086298	227
431740.064397	25.194420	0.013091	1.924525	228
431741.114886	21.276503	0.013092	1.625172	229
431742.162570	19.981522	0.013093	1.526067	230
431743.178565	26.901815	0.013109	2.052241	231
431744.226742	27.619583	0.013072	2.112956	232
431745.275073	22.085585	0.013102	1.685695	233
431746.323870	23.183022	0.013092	1.770811	234
431747.340119	25.010693	0.013131	1.904694	235
431748.388387	28.700462	0.013091	2.192404	236
431749.436627	19.628025	0.013063	1.502566	237
431750.502708	19.837105	0.013118	1.512231	238
431751.500916	25.815357	0.013096	1.971303	239
431752.582605	20.617804	0.013096	1.574327	240
431753.599736	19.326019	0.013093	1.476055	241
431754.647970	26.378956	0.013096	2.014242	242
431755.663076	25.460049	0.013126	1.939627	243
431756.725435	26.216290	0.013104	2.000569	244
431757.762455	19.239742	0.013138	1.464441	245
431758.791094	34.439991	0.013128	2.623392	246
431759.824160	26.904974	0.013100	2.053887	247
431760.919797	18.440119	0.013097	1.407920	248
431761.920751	20.380920	0.013125	1.552884	249
431763.020848	14.407003	0.013096	1.100086	250
431764.019815	15.838142	0.013093	1.209707	251
431765.063839	23.380287	0.013103	1.784412	252
431766.082844	21.834045	0.013102	1.666523	253
431767.163477	17.254324	0.013101	1.317032	254
431768.179439	16.892105	0.013122	1.287352	255
431769.229291	21.978899	0.013121	1.675115	0
431770.244377	23.588089	0.013098	1.800954	1
431771.326132	16.290068	0.013121	1.241522	2
431772.325159	23.974308	0.013127	1.826365	3
431773.390625	20.823803	0.013098	1.589828	4
431774.438865	43.078537	0.013084	3.292507	5
431775.454022	27.258648	0.013120	2.077642	6
431776.516983	17.262383	0.013084	1.319328	7
431777.552548	18.724882	0.013058	1.433987	8
431778.601365	16.874401	0.013093	1.288807	9
431779.648766	15.521386	0.013075	1.187090	10
431780.665875	22.888670	0.013090	1.748594	11
431781.714135	20.005491	0.013099	1.527232	12
431782.761611	17.154659	0.013093	1.310191	13
431783.809658	15.608627	0.013126	1.189109	14
431784.810443	27.217489	0.013124	2.073880	15
431785.874368	21.069225	0.013118	1.606097	16
431786.922163	17.870392	0.013085	1.365766	17
431787.971928	16.749546	0.013070	1.281487	18
431788.972673	27.680092	0.013086	2.115185	19
431790.037278	21.816128	0.013096	1.665865	20
431791.085567	17.799337	0.013138	1.354827	21
431792.132767	18.243963	0.013125	1.389987	22
431793.165030	18.326052	0.013120	1.396854	23
431794.199241	22.634630	0.013085	1.729766	24
431795.246328	17.709135	0.013075	1.354443	25
431796.294637	18.179972	0.013101	1.387699	26
431797.311700	22.599930	0.013069	1.729301	27
431798.391961	14.098587	0.013099	1.076325	28
431799.390543	22.943016	0.013114	1.749441	29
431800.456882	18.050396	0.013111	1.376741	30
431801.471983	24.734079	0.013114	1.886106	31
431802.554826	13.707571	0.013093	1.046952	32
431803.569532	19.147614	0.013069	1.465110	33
431804.617895	18.469042	0.013094	1.410481	34
431805.667299	15.394817	0.013120	1.173385	35
431806.731618	11.222013	0.013120	0.855367	36
431807.728261	20.624222	0.013072	1.577697	37
431808.779211	17.028276	0.013101	1.299788	38
431809.828589	15.607079	0.013111	1.190385	39
431810.877124	82.540428	0.013082	6.309665	40
431811.893285	20.895748	0.013064	1.599447	41
431812.940752	18.452232	0.013115	1.406932	42
431814.004636	12.587798	0.013081	0.962307	43
431815.038376	25.912630	0.013086	1.980166	44
431816.054322	20.785772	0.013088	1.588165	45
431817.102580	19.650379	0.013068	1.503714	46
431818.151988	15.699256	0.013104	1.198013	47
431819.200233	16.315571	0.013084	1.246973	48
431820.214517	20.294432	0.013100	1.549155	49
431821.266053	21.324406	0.013083	1.629947	50
431822.296185	18.854965	0.013115	1.437719	51
431823.361552	17.423157	0.013085	1.331572	52
431824.391399	14.932471	0.013086	1.141101	53
431825.440760	17.734320	0.013116	1.352104	54
431826.474058	14.213710	0.013094	1.085546	55
431827.522841	18.679523	0.013091	1.426861	56
431828.554635	14.979180	0.013156	1.138552	57
431829.619907	14.759469	0.013091	1.127453	58
431830.635855	14.039138	0.013090	1.072509	59
431831.685255	18.900682	0.013092	1.443697	60
431832.701517	18.466999	0.013091	1.410656	61
431833.781005	14.418153	0.013078	1.102476	62
431834.798064	14.631405	0.013138	1.113658	63
431835.845281	20.172695	0.013110	1.538673	64
431836.862282	19.341028	0.013077	1.478964	65
431837.943177	14.880220	0.013096	1.136285	66
431838.960274	14.845955	0.013088	1.134342	67
431840.007366	19.346426	0.013087	1.478238	68
431841.024438	21.128017	0.013083	1.614923	69
431842.119115	11.756124	0.013107	0.896939	70
431843.119846	17.234165	0.013118	1.313829	71
431844.169232	18.728189	0.013117	1.427768	72
431845.217495	13.139178	0.013052	1.006680	73
431846.266907	13.286528	0.013113	1.013198	74
431847.282035	15.646088	0.013090	1.195242	75
431848.331452	17.463980	0.013091	1.334017	76
431849.361226	19.592594	0.013089	1.496830	77
431850.428289	13.066586	0.013110	0.996718	78
431851.443106	21.037899	0.013115	1.604157	79
431852.491378	18.565495	0.013117	1.415337	80
431853.541239	15.299786	0.013090	1.168833	81
431854.605011	10.347615	0.013114	0.789057	82
431855.604898	20.389595	0.013089	1.557790	83
431856.654036	17.726465	0.013126	1.350449	84
431857.702598	15.505466	0.013111	1.182618	85
431858.766915	10.660663	0.013110	0.813192	86
431859.767857	20.369982	0.013079	1.557486	87
431860.816107	18.275290	0.013091	1.396071	88
431861.863552	15.460002	0.013090	1.181055	89
431862.912926	14.098874	0.013111	1.075314	90
431863.927880	20.407166	0.013051	1.563643	91
431864.977234	19.127003	0.013108	1.459163	92
431866.024972	16.056356	0.013121	1.223718	93
431867.073145	15.201615	0.013048	1.165045	94
431868.089080	21.119730	0.013102	1.611950	95
431869.138062	19.672636	0.013077	1.504413	96
431870.187330	16.128170	0.013119	1.229407	97
431871.236103	14.732212	0.013104	1.124230	98
431872.252329	21.205484	0.013083	1.620845	99
431873.299730	20.360935	0.013089	1.555537	100
431874.348479	16.933607	0.013082	1.294466	101
431875.411257	12.307405	0.013076	0.941221	102
431876.446736	12.666488	0.013117	0.965630	103
431877.493830	10.962175	0.013094	0.837195	104
431878.509759	17.333017	0.013087	1.324423	105
431879.558532	15.222455	0.013081	1.163692	106
431880.606836	13.248180	0.013093	1.011856	107
431881.636735	15.497588	0.013086	1.184248	108
431882.656317	22.485950	0.013077	1.719467	109
431883.722600	15.100817	0.013085	1.154094	110
431884.768434	13.489267	0.013088	1.030647	111
431885.818112	11.458069	0.013091	0.875248	112
431886.833440	17.463017	0.013108	1.332254	113
431887.880922	16.037958	0.013116	1.222786	114
431888.932303	12.376056	0.013077	0.946396	115
431889.966459	15.399226	0.013105	1.175053	116
431890.993972	17.249737	0.013080	1.318793	117
431892.043640	18.066109	0.013092	1.379905	118
431893.091304	12.539136	0.013099	0.957293	119
431894.139604	14.401478	0.013101	1.099231	120
431895.155856	15.908375	0.013106	1.213861	121
431896.222435	14.375926	0.013086	1.098603	122
431897.236672	15.680315	0.013109	1.196174	123
431898.301165	15.915506	0.013081	1.216734	124
431899.333755	12.332119	0.013106	0.940920	125
431900.398242	11.829306	0.013152	0.899460	126
431901.430036	8.985503	0.013114	0.685176	127
431902.463404	15.370118	0.013058	1.177064	128
431903.462064	21.941782	0.013107	1.674111	129
431904.560311	11.650417	0.013084	0.890463	130
431905.580233	11.596144	0.013083	0.886366	131
431906.626219	15.785516	0.013074	1.207373	132
431907.641295	16.127781	0.013107	1.230426	133
431908.721890	11.601451	0.013088	0.886429	134
431909.738982	12.338240	0.013077	0.943498	135
431910.786380	15.211810	0.013076	1.163308	136
431911.803489	17.767649	0.013078	1.358618	137
431912.882949	11.523001	0.013108	0.879087	138
431913.900020	13.639320	0.013103	1.040922	139
431914.961890	11.889001	0.013072	0.909527	140
431915.995653	11.045681	0.013059	0.845834	141
431917.012737	19.593998	0.013078	1.498253	142
431918.043313	20.686077	0.013080	1.581477	143
431919.108716	14.215023	0.013084	1.086403	144
431920.158397	12.023328	0.013103	0.917596	145
431921.222545	8.119266	0.013106	0.619530	146
431922.239460	12.630836	0.013095	0.964573	147
431923.270311	14.551269	0.013095	1.111203	148
431924.319683	12.096442	0.013078	0.924971	149
431925.368252	10.227640	0.013079	0.781998	150
431926.397547	13.503217	0.013077	1.032580	151
431927.433589	14.239070	0.013084	1.088254	152
431928.481034	12.440158	0.013084	0.950791	153
431929.529949	10.666082	0.013071	0.816006	154
431930.546689	15.999546	0.013080	1.223181	155
431931.595245	14.246511	0.013078	1.089367	156
431932.660735	9.198531	0.013083	0.703067	157
431933.690652	11.170372	0.013097	0.852868	158
431934.706964	17.141026	0.013059	1.312546	159
431935.755097	15.602872	0.013063	1.194461	160
431936.804426	12.748278	0.013099	0.973211	161
431937.852365	11.417332	0.013070	0.873552	162
431938.868956	17.200314	0.013105	1.312544	163
431939.899999	20.498436	0.013116	1.562836	164
431940.959644	14.048940	0.013083	1.073800	165
431941.997776	15.319665	0.013089	1.170417	166
431943.046277	14.018603	0.013103	1.069884	167
431944.079973	15.394629	0.013078	1.177183	168
431945.128705	13.042893	0.013073	0.997734	169
431946.176055	11.373275	0.013075	0.869854	170
431947.192240	18.609882	0.013147	1.415523	171
431948.222588	22.034676	0.013102	1.681726	172
431949.290361	13.424020	0.013072	1.026944	173
431950.321408	15.162350	0.013108	1.156750	174
431951.336730	24.484888	0.013134	1.864188	175
431952.401888	16.995893	0.013077	1.299635	176
431953.450670	13.891271	0.013079	1.062142	177
