time (s)	energy (uJ)	charge (mC)	voltage (mV)	crossing#mod 255
431066.881516	39.874081	0.013099	3.044002	98
431067.927684	37.746136	0.013116	2.877763	99
431068.975985	36.703850	0.013105	2.800840	100
431070.023504	32.226826	0.013123	2.455687	101
431071.024437	45.643726	0.013109	3.481936	102
431072.089560	38.018627	0.013114	2.899022	103
431073.137687	38.099003	0.013086	2.911381	104
431074.203209	31.132965	0.013135	2.370174	105
431075.235517	34.780037	0.013102	2.654523	106
431076.251981	43.323685	0.013107	3.305420	107
431077.316290	35.837666	0.013124	2.730754	108
431078.347366	36.607727	0.013116	2.791148	109
431079.396771	36.854717	0.013108	2.811596	110
431080.445060	34.834309	0.013111	2.656853	111
431081.493353	34.914886	0.013131	2.659014	112
431082.510381	40.834324	0.013117	3.113071	113
431083.558053	39.540859	0.013108	3.016445	114
431084.623299	29.325438	0.013137	2.232204	115
431085.650520	37.385189	0.013107	2.852403	116
431086.654746	43.758446	0.013131	3.332558	117
431087.752243	34.304012	0.013108	2.617032	118
431088.767555	35.292786	0.013095	2.695110	119
431089.816889	37.380360	0.013080	2.857787	120
431090.834029	43.797543	0.013102	3.342788	121
431091.913791	34.165462	0.013112	2.605741	122
431092.929708	38.923443	0.013108	2.969390	123
431094.010644	32.524265	0.013136	2.475962	124
431095.028170	31.549700	0.013108	2.406970	125
431096.090597	32.167355	0.013098	2.455904	126
431097.090769	40.265545	0.013086	3.076990	127
431098.172952	30.353664	0.013096	2.317744	128
431099.190624	35.517246	0.013130	2.705102	129
431100.236352	40.229748	0.013092	3.072775	130
431101.286842	31.226391	0.013101	2.383553	131
431102.334296	32.775341	0.013106	2.500708	132
431103.349141	35.082329	0.013098	2.678479	133
431104.430072	26.086002	0.013122	1.987964	134
431105.446822	31.933783	0.013126	2.432800	135
431106.495112	35.497658	0.013138	2.701865	136
431107.510637	40.198742	0.013100	3.068706	137
431108.592727	27.840302	0.013104	2.124514	138
431109.609729	31.612677	0.013098	2.413544	139
431110.657766	32.276615	0.013086	2.466541	140
431111.703601	29.653326	0.013090	2.265425	141
431112.753520	28.714540	0.013096	2.192629	142
431113.770819	38.382122	0.013130	2.923339	143
431114.804280	41.603542	0.013098	3.176423	144
431115.867356	29.140945	0.013104	2.223898	145
431116.916773	27.568270	0.013117	2.101702	146
431117.965019	26.395975	0.013098	2.015218	147
431118.981607	37.126965	0.013080	2.838478	148
431120.044637	26.539059	0.013129	2.021443	149
431121.072817	30.018045	0.013081	2.294839	150
431122.126126	24.847994	0.013101	1.896616	151
431123.175557	24.334991	0.013108	1.856554	152
431124.189578	34.711170	0.013095	2.650742	153
431125.240076	32.192291	0.013100	2.457501	154
431126.287511	27.734739	0.013101	2.116983	155
431127.337207	23.483158	0.013099	1.792695	156
431128.353173	32.867451	0.013093	2.510232	157
431129.401729	30.961514	0.013095	2.364357	158
431130.449132	28.936747	0.013094	2.209863	159
431131.497925	26.441757	0.013072	2.022748	160
431132.546473	23.013618	0.013092	1.757790	161
431133.577673	27.350399	0.013121	2.084512	162
431134.610996	29.026234	0.013101	2.215558	163
431135.658473	26.031488	0.013094	1.988115	164
431136.707823	24.172113	0.013096	1.845700	165
431137.756095	22.254688	0.013091	1.699953	166
431138.753636	39.218655	0.013085	2.997182	167
431139.821722	28.110077	0.013105	2.145019	168
431140.869859	23.348793	0.013083	1.784734	169
431141.901321	27.013262	0.013097	2.062501	170
431142.933141	31.206692	0.013088	2.384392	171
431143.983258	29.580946	0.013076	2.262215	172
431145.030785	25.400333	0.013099	1.939113	173
431146.095841	19.113537	0.013119	1.456886	174
431147.096127	31.323395	0.013107	2.389787	175
431148.159011	24.945282	0.013114	1.902129	176
431149.192656	25.448338	0.013098	1.942926	177
431150.242049	26.116621	0.013106	1.992767	178
431151.258284	72.742668	0.013087	5.558587	179
431152.338860	20.520191	0.013130	1.562818	180
431153.353696	24.700695	0.013119	1.882873	181
431154.403074	26.658714	0.013146	2.027946	182
431155.451841	19.887707	0.013090	1.519273	183
431156.500168	22.437368	0.013129	1.708938	184
431157.514210	25.379213	0.013106	1.936402	185
431158.564280	27.793421	0.013075	2.125732	186
431159.612653	19.876614	0.013100	1.517280	187
431160.662057	22.722549	0.013117	1.732254	188
431161.677172	25.450607	0.013092	1.944023	189
431162.726323	28.877550	0.013100	2.204432	190
431163.773781	20.933725	0.013117	1.595877	191
431164.822044	23.481333	0.013094	1.793346	192
431165.839079	25.990084	0.013114	1.981793	193
431166.937628	14.891876	0.013099	1.136843	194
431167.936755	20.641388	0.013101	1.575597	195
431169.000520	18.589294	0.013128	1.416036	196
431170.000733	28.903112	0.013119	2.203150	197
431171.081575	17.938171	0.013102	1.369121	198
431172.098755	22.371319	0.013092	1.708752	199
431173.144601	23.022438	0.013060	1.762789	200
431174.194345	18.371714	0.013091	1.403395	201
431175.242645	17.678772	0.013121	1.347363	202
431176.276408	18.832317	0.013097	1.437961	203
431177.307934	22.456942	0.013110	1.712999	204
431178.357375	16.375755	0.013085	1.251463	205
431179.405945	17.649012	0.013092	1.348083	206
431180.419906	25.762947	0.013092	1.967831	207
431181.468188	23.644121	0.013065	1.809675	208
431182.518748	19.339069	0.013093	1.477028	209
431183.566163	17.283451	0.013092	1.320168	210
431184.585052	25.204660	0.013090	1.925455	211
431185.631464	22.972126	0.013100	1.753626	212
431186.678888	20.445656	0.013072	1.564116	213
431187.723135	19.367893	0.013118	1.476402	214
431188.744241	27.337915	0.013097	2.087312	215
431189.791691	23.860790	0.013101	1.821320	216
431190.841105	20.925558	0.013121	1.594836	217
431191.889895	17.874071	0.013126	1.361734	218
431192.952176	14.124142	0.013132	1.075561	219
431193.953468	25.103907	0.013095	1.917064	220
431195.002880	22.402994	0.013085	1.712163	221
431196.034837	24.317417	0.013098	1.856632	222
431197.100576	16.673855	0.013088	1.273979	223
431198.115348	24.939884	0.013088	1.905555	224
431199.162548	22.913414	0.013118	1.746665	225
431200.213581	19.298895	0.013068	1.476852	226
431201.261891	17.028301	0.013091	1.300777	227
431202.290808	21.019199	0.013088	1.606018	228
431203.325261	22.193762	0.013069	1.698206	229
431204.392731	14.758607	0.013098	1.126781	230
431205.405554	22.290993	0.013127	1.698100	231
431206.470167	16.312958	0.013123	1.243059	232
431207.486099	23.645058	0.013124	1.801637	233
431208.534877	21.454109	0.013117	1.635596	234
431209.584212	16.937761	0.013119	1.291043	235
431210.632784	16.301126	0.013080	1.246237	236
431211.665246	17.743004	0.013115	1.352840	237
431212.680702	28.456961	0.013113	2.170088	238
431213.745600	17.488234	0.013086	1.336427	239
431214.797220	16.893139	0.013084	1.291121	240
431215.794453	27.578436	0.013067	2.110571	241
431216.858379	21.359777	0.013089	1.631840	242
431217.903893	17.763611	0.013101	1.355896	243
431218.954391	19.203211	0.013097	1.466274	244
431219.972880	21.709713	0.013085	1.659117	245
431221.052327	14.678984	0.013129	1.118046	246
431222.068281	16.780495	0.013140	1.277086	247
431223.116531	18.740980	0.013122	1.428263	248
431224.133527	22.575563	0.013085	1.725244	249
431225.227403	11.429955	0.013088	0.873333	250
431226.230332	17.647102	0.013061	1.351149	251
431227.280049	19.023222	0.013084	1.453933	252
431228.290765	23.979742	0.013115	1.828475	253
431229.374894	14.403024	0.013096	1.099766	254
431230.391699	17.983517	0.013089	1.373906	255
431231.440140	19.420507	0.013089	1.483748	0
431232.489408	14.170347	0.013088	1.082690	1
431233.536625	15.136825	0.013113	1.154314	2
431234.553604	18.540396	0.013088	1.416565	3
431235.602201	18.857512	0.013123	1.437017	4
431236.650787	14.544351	0.013107	1.109695	5
431237.700198	14.370482	0.013083	1.098405	6
431238.710456	21.647505	0.013066	1.656782	7
431239.763218	19.038116	0.013093	1.454057	8
431240.829372	11.812216	0.013101	0.901643	9
431241.860882	14.097615	0.013111	1.075285	10
431242.857400	28.143702	0.013091	2.149780	11
431243.924311	19.274439	0.013115	1.469604	12
431244.987194	13.224775	0.013078	1.011186	13
431246.021899	13.462394	0.013094	1.028113	14
431247.037851	22.445381	0.013083	1.715654	15
431248.087080	18.430773	0.013096	1.407413	16
431249.151070	13.067264	0.013102	0.997345	17
431250.182715	14.444460	0.013085	1.103928	18
431251.198670	23.267551	0.013107	1.775162	19
431252.249603	19.107462	0.013110	1.457418	20
431253.296539	17.295982	0.013085	1.321809	21
431254.346262	14.309303	0.013090	1.093158	22
431255.394470	12.976377	0.013054	0.994066	23
431256.394288	25.594784	0.013085	1.956085	24
431257.460546	17.766035	0.013069	1.359425	25
431258.506404	14.686330	0.013094	1.121598	26
431259.537785	17.057585	0.013116	1.300552	27
431260.571244	19.984379	0.013059	1.530294	28
431261.618128	17.421196	0.013105	1.329398	29
431262.668276	15.363478	0.013087	1.173953	30
431263.717665	13.226728	0.013093	1.010227	31
431264.717050	27.519827	0.013085	2.103147	32
431265.781033	17.617119	0.013093	1.345524	33
431266.847112	11.925237	0.013097	0.910561	34
431267.878697	13.623169	0.013104	1.039616	35
431268.927275	12.361181	0.013104	0.943342	36
431269.942383	18.301680	0.013093	1.397866	37
431270.992314	16.425867	0.013081	1.255666	38
431272.040869	13.052938	0.013093	0.996952	39
431273.087416	12.944557	0.013092	0.988703	40
431274.102805	18.017889	0.013098	1.375665	41
431275.152991	17.573971	0.013086	1.342952	42
431276.202397	12.991738	0.013084	0.992921	43
431277.267459	10.263309	0.013097	0.783619	44
431278.265771	17.514189	0.013085	1.338485	45
431279.314087	18.105173	0.013090	1.383175	46
431280.362366	13.176948	0.013118	1.004513	47
431281.412031	14.318412	0.013112	1.092044	48
431282.427966	17.207241	0.013098	1.313752	49
431283.476257	18.802557	0.013104	1.434880	50
431284.524492	13.076501	0.013081	0.999684	51
431285.573890	14.463612	0.013095	1.104532	52
431286.588209	17.903688	0.013080	1.368769	53
431287.637298	19.659174	0.013087	1.502174	54
431288.685597	13.643625	0.013097	1.041760	55
431289.733882	14.757064	0.013082	1.128044	56
431290.766644	13.874225	0.013106	1.058622	57
431291.799701	19.792744	0.013091	1.511914	58
431292.847960	13.853753	0.013118	1.056064	59
431293.896518	14.947466	0.013101	1.140950	60
431294.912455	18.766142	0.013110	1.431431	61
431295.976647	14.937971	0.013107	1.139652	62
431297.008713	14.463768	0.013090	1.104928	63
431298.040744	19.259279	0.013112	1.468849	64
431299.072932	20.216801	0.013110	1.542036	65
431300.120851	18.859201	0.013093	1.440370	66
431301.153512	20.463123	0.013110	1.560896	67
431302.201924	19.226152	0.013081	1.469794	68
431303.251998	14.919882	0.013090	1.139768	69
431304.267376	25.561872	0.013124	1.947750	70
431305.334733	15.555575	0.013107	1.186812	71
431306.381496	14.010425	0.013069	1.072067	72
431307.428706	12.301491	0.013113	0.938120	73
431308.462436	14.652429	0.013089	1.119451	74
431309.508640	13.095430	0.013108	0.999042	75
431310.542282	14.462012	0.013086	1.105172	76
431311.590550	12.494154	0.013064	0.956378	77
431312.638844	10.675712	0.013112	0.814202	78
431313.672504	13.257587	0.013105	1.011615	79
431314.705496	14.508627	0.013101	1.107470	80
431315.767308	10.061199	0.013103	0.767869	81
431316.817488	8.195662	0.013132	0.624120	82
431317.816616	17.471849	0.013084	1.335366	83
431318.865999	14.285519	0.013088	1.091459	84
431319.913192	13.343090	0.013108	1.017916	85
431320.962538	45.221504	0.013090	3.454746	86
431321.978426	18.393576	0.013058	1.408657	87
431323.026771	15.031990	0.013081	1.149163	88
431324.076170	13.006182	0.013088	0.993732	89
431325.123360	10.235513	0.013113	0.780560	90
431326.139290	18.570253	0.013109	1.416565	91
431327.172405	20.787836	0.013071	1.590433	92
431328.237408	13.499054	0.013078	1.032166	93
431329.285610	11.702950	0.013077	0.894931	94
431330.301600	18.021179	0.013134	1.372099	95
431331.351001	16.031357	0.013079	1.225696	96
431332.399572	13.158537	0.013085	1.005632	97
431333.446964	11.993763	0.013091	0.916152	98
431334.462072	28.449032	0.013080	2.175013	99
431335.511196	17.138081	0.013060	1.312235	100
431336.556824	13.767481	0.013073	1.053140	101
431337.607861	13.094373	0.013100	0.999596	102
431338.623791	17.443878	0.013110	1.330553	103
431339.673127	17.813303	0.013080	1.361862	104
431340.721516	12.969426	0.013081	0.991508	105
431341.769131	14.203008	0.013089	1.085146	106
431342.785463	18.028135	0.013090	1.377247	107
431343.868527	10.052460	0.013079	0.768580	108
431344.883281	12.963418	0.013075	0.991434	109
431345.931562	13.949459	0.013084	1.066122	110
431346.931294	23.680912	0.013103	1.807324	111
431348.027562	10.565931	0.013072	0.808292	112
431349.044355	13.346339	0.013090	1.019583	113
431350.093130	14.462748	0.013085	1.105285	114
431351.110195	17.790030	0.013081	1.359954	115
431352.173768	13.705821	0.013103	1.045970	116
431353.206679	13.493146	0.013076	1.031928	117
431354.238971	18.889566	0.013085	1.443599	118
431355.303239	10.190042	0.013088	0.778563	119
431356.351809	10.661140	0.013082	0.814928	120
431357.367719	14.002920	0.013082	1.070421	121
431358.416550	14.216174	0.013104	1.084882	122
431359.465066	10.551852	0.013065	0.807618	123
431360.512589	10.607482	0.013089	0.810417	124
431361.547153	10.939175	0.013098	0.835156	125
431362.577562	14.249540	0.013085	1.088984	126
431363.626928	10.740368	0.013105	0.819594	127
431364.675187	10.283186	0.013105	0.784673	128
431365.690311	15.796660	0.013097	1.206137	129
431366.739710	14.086815	0.013128	1.073019	130
431367.787175	11.968639	0.013107	0.913128	131
431368.820454	13.672061	0.013116	1.042395	132
431369.833955	22.299379	0.013092	1.703290	133
431370.900232	14.393442	0.013118	1.097228	134
431371.949549	12.171939	0.013078	0.930724	135
431372.999276	9.925380	0.013082	0.758714	136
431374.029581	12.936007	0.013120	0.985973	137
