time (s)	coil I (A)	last det (V)	int current (uC)
431066.882524	1.182177	440.527344	44.042969
431066.886524	1.193022	440.527344	44.042969
431066.888527	1.190839	13.099231	0.417744
431067.926531	0.516560	145.019531	-191.210937
431067.928532	0.850262	145.019531	-191.210937
431067.930532	1.141625	145.019531	-191.210937
431067.932533	1.195924	145.019531	-191.210937
431067.934533	1.192408	13.116485	0.362083
431068.974597	0.429823	430.761719	45.019531
431068.976599	0.766495	430.761719	45.019531
431068.978600	1.083651	430.761719	45.019531
431068.982599	1.193647	430.761719	45.019531
431068.984599	1.191326	13.104584	0.351758
431070.022617	0.332625	142.382812	-216.992187
431070.026620	1.000020	142.382812	-216.992187
431070.028619	1.195283	142.382812	-216.992187
431070.030618	1.195699	142.382812	-216.992187
431070.032618	1.193031	13.123344	0.300900
431071.038674	0.376867	447.753906	42.285156
431071.040676	0.715604	447.753906	42.285156
431071.042676	1.039644	447.753906	42.285156
431071.044676	1.197099	447.753906	42.285156
431071.048675	1.191702	13.108722	0.388593
431072.088696	0.621043	145.800781	-197.460937
431072.090698	0.950488	145.800781	-197.460937
431072.092701	1.184515	145.800781	-197.460937
431072.094702	1.195177	145.800781	-197.460937
431072.096703	1.192209	13.114296	0.455019
431073.136740	0.531563	429.589844	43.652344
431073.138742	0.864717	429.589844	43.652344
431073.142740	1.195341	429.589844	43.652344
431073.144744	1.191916	429.589844	43.652344
431073.146743	1.189657	13.086229	0.364838
431074.184779	0.441236	139.550781	-239.453125
431074.186780	0.777518	139.550781	-239.453125
431074.188780	1.092537	139.550781	-239.453125
431074.190780	1.198048	139.550781	-239.453125
431074.192780	1.194119	13.135309	0.334466
431075.234836	0.689385	423.046875	43.554687
431075.236840	1.015127	423.046875	43.554687
431075.240837	1.193872	423.046875	43.554687
431075.242840	1.191107	13.102181	0.684910
431076.251764	0.873654	146.679687	-211.914062
431076.253766	1.153841	146.679687	-211.914062
431076.255765	1.194836	146.679687	-211.914062
431076.257766	1.191533	13.106861	0.415654
431077.297766	0.444743	434.765625	42.089844
431077.299769	0.780749	434.765625	42.089844
431077.301769	1.094661	434.765625	42.089844
431077.303769	1.196879	434.765625	42.089844
431077.305771	1.193066	13.123726	0.400196
431078.345728	0.335864	141.503906	-237.597656
431078.347729	0.676410	141.503906	-237.597656
431078.349741	1.002821	141.503906	-237.597656
431078.353739	1.195088	141.503906	-237.597656
431078.355742	1.192382	141.503906	-237.597656
431078.357742	1.192332	13.115652	0.351272
431079.395851	0.600048	419.042969	42.285156
431079.397854	0.930498	419.042969	42.285156
431079.399852	1.177967	419.042969	42.285156
431079.401851	1.194722	419.042969	42.285156
431079.403854	1.191646	13.108111	0.342127
431080.443900	0.513851	134.960937	-279.394531
431080.445903	0.847484	134.960937	-279.394531
431080.447901	1.139899	134.960937	-279.394531
431080.449903	1.195451	134.960937	-279.394531
431080.451903	1.191920	13.111115	0.326224
431081.491932	0.421245	407.714844	42.285156
431081.493932	0.758119	407.714844	42.285156
431081.495934	1.076889	407.714844	42.285156
431081.497933	1.197499	407.714844	42.285156
431081.499932	1.193706	13.130762	0.329363
431082.509959	0.794421	145.605469	-233.691406
431082.511963	1.104825	145.605469	-233.691406
431082.513963	1.196267	145.605469	-233.691406
431082.515962	1.192459	13.117053	0.395823
431083.556922	0.524258	425.878906	40.429687
431083.558924	0.857539	425.878906	40.429687
431083.560925	1.145384	425.878906	40.429687
431083.562924	1.195196	425.878906	40.429687
431083.564923	1.191675	13.108430	0.383033
431084.604968	0.436347	130.468750	-297.753906
431084.606969	0.772671	130.468750	-297.753906
431084.608969	1.088713	130.468750	-297.753906
431084.610972	1.198212	130.468750	-297.753906
431084.612970	1.194312	13.137436	0.329930
431085.652980	1.761119	413.574219	40.332031
431085.654982	0.675984	413.574219	40.332031
431085.656996	1.002358	413.574219	40.332031
431085.658995	1.194598	413.574219	40.332031
431085.660996	1.194351	413.574219	40.332031
431085.662994	1.191505	13.106560	0.349278
431086.669040	0.381789	143.066406	-240.136719
431086.671042	0.720050	143.066406	-240.136719
431086.673042	1.043505	143.066406	-240.136719
431086.675042	1.196769	143.066406	-240.136719
431086.677042	1.193690	13.130586	0.376081
431087.751019	0.490417	405.566406	41.308594
431087.753021	0.824875	405.566406	41.308594
431087.755020	1.125733	405.566406	41.308594
431087.757021	1.195408	405.566406	41.308594
431087.759020	1.191635	13.107986	0.324348
431088.765912	0.333080	133.789062	-283.203125
431088.767914	0.673585	133.789062	-283.203125
431088.769939	1.000052	133.789062	-283.203125
431088.771942	1.193631	133.789062	-283.203125
431088.773943	1.193338	133.789062	-283.203125
431088.775944	1.190465	13.095119	0.335096
431089.815929	0.578526	407.324219	40.820312
431089.817931	0.910064	407.324219	40.820312
431089.819931	1.170145	407.324219	40.820312
431089.821930	1.194404	407.324219	40.820312
431089.825930	1.189107	13.080176	0.356756
431090.833991	0.949599	140.527344	-251.953125
431090.835993	1.183430	140.527344	-251.953125
431090.837993	1.194245	140.527344	-251.953125
431090.839991	1.191100	13.102102	0.425012
431091.912561	0.488995	399.609375	42.089844
431091.914564	0.823388	399.609375	42.089844
431091.916563	1.124883	399.609375	42.089844
431091.918563	1.195676	399.609375	42.089844
431091.920564	1.191965	13.111610	0.332712
431092.928567	0.520387	131.250000	-293.359375
431092.930569	0.853732	131.250000	-293.359375
431092.932567	1.143256	131.250000	-293.359375
431092.934567	1.195179	131.250000	-293.359375
431092.936568	1.191657	13.108227	0.366200
431094.009140	0.391904	387.597656	42.871094
431094.011141	0.729842	387.597656	42.871094
431094.013142	1.052346	387.597656	42.871094
431094.015141	1.197502	387.597656	42.871094
431094.017140	1.194183	13.136009	0.313902
431095.025180	0.430630	117.187500	-358.691406
431095.027178	0.460225	117.187500	-358.691406
431095.029178	0.778350	117.187500	-358.691406
431095.031179	1.197803	117.187500	-358.691406
431095.035180	1.191604	13.107641	0.296250
431096.073208	0.336735	396.093750	42.187500
431096.075207	0.677024	396.093750	42.187500
431096.077213	0.698572	396.093750	42.187500
431096.079213	1.193843	396.093750	42.187500
431096.081214	1.193561	396.093750	42.187500
431096.083214	1.190725	13.097972	0.325392
431097.089242	0.376111	133.007812	-288.867187
431097.091244	0.714580	133.007812	-288.867187
431097.093245	1.038463	133.007812	-288.867187
431097.095244	1.195311	133.007812	-288.867187
431097.099243	1.189638	13.086017	0.384008
431098.172147	0.640699	386.132812	42.578125
431098.174147	0.968899	386.132812	42.578125
431098.176149	1.187907	386.132812	42.578125
431098.178147	1.193645	386.132812	42.578125
431098.180147	1.190564	13.096209	0.465689
431099.188703	0.765646	117.773437	-360.156250
431099.190705	0.779291	117.773437	-360.156250
431099.192706	1.197387	117.773437	-360.156250
431099.194706	1.193612	13.129726	0.342906
431100.234700	0.327723	398.925781	42.089844
431100.236703	0.668435	398.925781	42.089844
431100.238702	0.995041	398.925781	42.089844
431100.240703	1.192365	398.925781	42.089844
431100.242703	1.193155	398.925781	42.089844
431100.244702	1.190211	13.092318	0.383835
431101.286704	0.904784	115.917969	-370.507812
431101.288704	1.167946	115.917969	-370.507812
431101.290706	1.194206	115.917969	-370.507812
431101.292705	1.190979	13.100773	0.295927
431102.333315	0.577823	384.375000	42.871094
431102.335317	0.909280	384.375000	42.871094
431102.337316	1.169868	384.375000	42.871094
431102.339317	1.194689	384.375000	42.871094
431102.341322	1.191493	13.106427	0.309422
431103.347343	0.273695	129.101562	-317.480469
431103.349346	0.617128	129.101562	-317.480469
431103.351352	0.946464	129.101562	-317.480469
431103.353349	1.182437	129.101562	-317.480469
431103.355348	1.193828	129.101562	-317.480469
431103.357349	1.190714	13.097857	0.342732
431104.429410	0.401083	363.769531	44.531250
431104.433409	1.060081	363.769531	44.531250
431104.435411	1.196482	363.769531	44.531250
431104.437410	1.192906	13.121971	0.242379
431105.445455	0.441661	120.117187	-362.890625
431105.447458	0.777608	120.117187	-362.890625
431105.449457	1.092169	120.117187	-362.890625
431105.451459	1.197086	120.117187	-362.890625
431105.453457	1.193305	13.126350	0.307979
431106.493477	0.343210	380.957031	44.531250
431106.495478	0.683212	380.957031	44.531250
431106.497482	1.009407	380.957031	44.531250
431106.499481	1.195145	380.957031	44.531250
431106.501481	1.194382	13.138206	0.344743
431107.509510	0.384676	127.832031	-337.695312
431107.511513	0.722756	127.832031	-337.695312
431107.515510	1.196729	127.832031	-337.695312
431107.517516	1.193577	127.832031	-337.695312
431107.519519	1.190871	13.099576	0.383262
431108.591535	0.501554	362.890625	44.921875
431108.593536	0.835517	362.890625	44.921875
431108.595537	1.132355	362.890625	44.921875
431108.597536	1.195034	362.890625	44.921875
431108.599537	1.191302	13.104318	0.261455
431109.609569	0.758001	118.261719	-381.054687
431109.611573	1.152705	118.261719	-381.054687
431109.613573	1.194171	118.261719	-381.054687
431109.615575	1.190730	13.098034	0.297630
431110.655624	0.451160	374.511719	45.800781
431110.657624	0.786752	374.511719	45.800781
431110.659624	0.796503	374.511719	45.800781
431110.663624	1.192104	374.511719	45.800781
431110.665624	1.189616	13.085778	0.310915
431111.703641	0.353695	115.625000	-396.582031
431111.709640	1.194546	115.625000	-396.582031
431111.711643	1.192773	115.625000	-396.582031
431111.713643	1.189956	13.089518	0.283194
431112.751700	0.264507	364.648437	47.070312
431112.753702	0.608452	364.648437	47.070312
431112.755702	0.938315	364.648437	47.070312
431112.757704	1.179735	364.648437	47.070312
431112.759702	1.193684	364.648437	47.070312
431112.761703	1.190540	13.095942	0.280899
431113.770214	0.726241	132.519531	-327.929687
431113.772216	1.049032	132.519531	-327.929687
431113.774216	1.196841	132.519531	-327.929687
431113.776215	1.193595	13.129548	0.854991
431114.816226	0.285613	366.699219	48.144531
431114.818228	0.628358	366.699219	48.144531
431114.820229	0.957156	366.699219	48.144531
431114.822227	0.965848	366.699219	48.144531
431114.824229	1.193790	366.699219	48.144531
431114.826228	1.190692	13.097609	0.347456
431115.866273	0.541054	119.921875	-378.222656
431115.868274	0.873633	119.921875	-378.222656
431115.870276	1.153679	119.921875	-378.222656
431115.872275	1.194622	119.921875	-378.222656
431115.874275	1.191231	13.103546	0.282088
431116.916338	0.789304	347.363281	49.316406
431116.918338	1.100992	347.363281	49.316406
431116.920336	1.196271	347.363281	49.316406
431116.922336	1.192465	13.117114	0.264712
431117.964358	0.698438	115.136719	-401.757812
431117.966360	1.023364	115.136719	-401.757812
431117.968361	1.195538	115.136719	-401.757812
431117.972358	1.190757	13.098326	0.256242
431118.980903	0.820220	360.156250	50.195312
431118.982906	1.122451	360.156250	50.195312
431118.984906	1.125979	360.156250	50.195312
431118.988903	1.189080	13.079884	0.363490
431120.026972	0.399578	121.679687	-372.949219
431120.028975	0.737144	121.679687	-372.949219
431120.030977	1.058683	121.679687	-372.949219
431120.032977	1.197025	121.679687	-372.949219
431120.034979	1.193524	13.128769	0.327100
431121.075022	1.864328	353.125000	50.976562
431121.077025	0.647402	353.125000	50.976562
431121.079022	0.975183	353.125000	50.976562
431121.083021	1.194072	353.125000	50.976562
431121.085025	1.191117	353.125000	50.976562
431121.087024	1.189152	13.080673	0.279519
431122.125118	0.567785	110.449219	-417.578125
431122.127121	0.899459	110.449219	-417.578125
431122.129119	1.165637	110.449219	-417.578125
431122.131120	1.194267	110.449219	-417.578125
431122.133121	1.191020	13.101224	0.233457
431123.175206	0.820380	339.355469	51.171875
431123.177207	1.122651	339.355469	51.171875
431123.179209	1.195377	339.355469	51.171875
431123.181209	1.191601	13.107615	0.231435
431124.187769	0.268714	128.320312	-344.628906
431124.189770	0.612252	128.320312	-344.628906
431124.191770	0.941809	128.320312	-344.628906
431124.193770	1.180573	128.320312	-344.628906
431124.195769	1.193546	128.320312	-344.628906
431124.197770	1.190444	13.094888	0.337405
431125.239823	0.858100	353.515625	52.148437
431125.241823	1.145258	353.515625	52.148437
431125.243824	1.194418	353.515625	52.148437
431125.245823	1.190873	13.099604	0.319672
431126.286372	0.521119	116.796875	-392.187500
431126.288376	0.854322	116.796875	-392.187500
431126.290375	1.143280	116.796875	-392.187500
431126.292374	1.194557	116.796875	-392.187500
431126.294373	1.191006	13.101066	0.279202
431127.336940	0.852546	336.035156	52.832031
431127.338943	1.142137	336.035156	52.832031
431127.340941	1.194459	336.035156	52.832031
431127.342940	1.190851	13.099363	0.230297
431128.353009	0.893630	126.367187	-352.636719
431128.355011	1.162672	126.367187	-352.636719
431128.357011	1.193585	126.367187	-352.636719
431128.359010	1.190308	13.093390	0.320130
431129.401554	0.888756	355.078125	51.953125
431129.403554	1.160665	355.078125	51.953125
431129.405556	1.193823	355.078125	51.953125
431129.407555	1.190464	13.095110	0.300044
431130.448074	0.548847	119.335937	-385.253906
431130.450075	0.881135	119.335937	-385.253906
431130.452075	1.157031	119.335937	-385.253906
431130.454075	1.193809	119.335937	-385.253906
431130.456076	1.190397	13.094364	0.274069
431131.497070	0.616410	337.402344	52.832031
431131.499072	0.945742	337.402344	52.832031
431131.501071	1.181805	337.402344	52.832031
431131.503073	1.193425	337.402344	52.832031
431131.507070	1.188381	13.072192	0.336950
431132.545593	0.609004	108.691406	-431.542969
431132.547594	0.938676	108.691406	-431.542969
431132.549594	1.180960	108.691406	-431.542969
431132.551594	1.195344	108.691406	-431.542969
431132.555594	1.190215	13.092362	0.288274
431133.560130	0.391725	343.750000	53.222656
431133.562133	0.729357	343.750000	53.222656
431133.564133	1.051605	343.750000	53.222656
431133.566133	1.196043	343.750000	53.222656
431133.568132	1.192797	13.120767	0.339701
431134.610211	0.649175	118.359375	-393.847656
431134.612213	0.976716	118.359375	-393.847656
431134.614214	1.189851	118.359375	-393.847656
431134.616212	1.193969	118.359375	-393.847656
431134.618213	1.191008	13.101091	0.286171
431135.656742	0.297553	333.789062	52.832031
431135.658743	0.639633	333.789062	52.832031
431135.660746	0.968403	333.789062	52.832031
431135.662749	1.187628	333.789062	52.832031
431135.664746	1.193367	333.789062	52.832031
431135.666749	1.190323	13.093551	0.256099
431136.706759	0.547205	108.398437	-436.523437
431136.708761	0.879448	108.398437	-436.523437
431136.710761	1.156205	108.398437	-436.523437
431136.712761	1.193983	108.398437	-436.523437
431136.714760	1.190586	13.096448	0.232746
431137.754781	0.453947	323.730469	52.441406
431137.756782	0.789392	323.730469	52.441406
431137.758783	1.101053	323.730469	52.441406
431137.760782	1.196476	323.730469	52.441406
431137.764781	1.190123	13.091352	0.220015
431138.770808	0.490744	120.410156	-393.457031
431138.772809	0.824836	120.410156	-393.457031
431138.774811	1.125591	120.410156	-393.457031
431138.778808	1.191885	120.410156	-393.457031
431138.780810	1.189561	13.085175	0.321046
431139.821381	0.824202	343.945312	52.343750
431139.823383	1.125013	343.945312	52.343750
431139.825383	1.195079	343.945312	52.343750
431139.827383	1.191347	13.104815	0.280732
431140.869936	0.819925	101.367187	-464.746094
431140.873936	1.195299	101.367187	-464.746094
431140.875939	1.191639	101.367187	-464.746094
431140.877937	1.189319	13.082508	0.226610
431141.915966	0.393908	323.339844	51.562500
431141.917968	0.731502	323.339844	51.562500
431141.919967	1.053945	323.339844	51.562500
431141.921968	1.196687	323.339844	51.562500
431141.925965	1.190667	13.097335	0.212478
431142.932083	0.446648	120.605469	-396.093750
431142.934085	0.782254	120.605469	-396.093750
431142.938084	1.196063	120.605469	-396.093750
431142.940085	1.192276	120.605469	-396.093750
431142.942084	1.189810	13.087905	0.296278
431143.983010	0.838301	345.410156	50.683594
431143.985011	1.133777	345.410156	50.683594
431143.989010	1.194498	345.410156	50.683594
431143.991011	1.188736	13.076099	0.287784
431145.029632	0.515682	104.492187	-454.589844
431145.031633	0.848985	104.492187	-454.589844
431145.033633	1.140114	104.492187	-454.589844
431145.035633	1.194406	104.492187	-454.589844
431145.037634	1.190813	13.098948	0.244717
431146.077678	0.425739	327.539062	49.511719
431146.079681	0.762054	327.539062	49.511719
431146.081680	1.079612	327.539062	49.511719
431146.083678	1.196444	327.539062	49.511719
431146.085679	1.192677	13.119446	0.231904
431147.095723	0.800620	117.968750	-405.957031
431147.097724	1.108937	117.968750	-405.957031
431147.099725	1.195319	117.968750	-405.957031
431147.101724	1.191563	13.107189	0.305114
431148.141762	0.373781	353.027344	49.218750
431148.143765	0.712221	353.027344	49.218750
431148.145766	1.036078	353.027344	49.218750
431148.147766	1.195066	353.027344	49.218750
431148.149764	1.192218	13.114403	0.299984
431149.191790	0.619303	97.558594	-476.171875
431149.193792	0.948435	97.558594	-476.171875
431149.195793	1.182774	97.558594	-476.171875
431149.197793	1.193807	97.558594	-476.171875
431149.199794	1.190722	13.097946	0.349790
431150.241781	0.852737	335.351562	48.632812
431150.243782	1.142474	335.351562	48.632812
431150.245783	1.194976	335.351562	48.632812
431150.247782	1.191428	13.105709	0.256727
431151.258276	0.963082	108.203125	-437.988281
431151.260278	1.185826	108.203125	-437.988281
431151.262278	1.192684	108.203125	-437.988281
431151.264279	1.189685	13.086540	0.462719
431152.338336	0.756953	311.523437	48.535156
431152.340337	1.075596	311.523437	48.535156
431152.342338	1.197285	311.523437	48.535156
431152.344338	1.193659	13.130248	0.201802
431153.352378	0.458306	94.921875	-481.835937
431153.354379	0.793520	94.921875	-481.835937
431153.356379	1.104099	94.921875	-481.835937
431153.358379	1.196393	94.921875	-481.835937
431153.360379	1.192602	13.118621	0.238696
431154.402390	0.702213	337.695312	48.828125
431154.404392	1.026841	337.695312	48.828125
431154.406391	1.194892	337.695312	48.828125
431154.408393	1.195061	13.145669	0.693637
431155.451366	0.768540	84.179687	-515.625000
431155.453366	1.084850	84.179687	-515.625000
431155.457365	1.192524	84.179687	-515.625000
431155.459366	1.190025	13.090280	0.191322
431156.499439	0.681033	319.140625	49.218750
431156.501448	1.006811	319.140625	49.218750
431156.503445	1.194268	319.140625	49.218750
431156.505447	1.193584	13.129425	0.222965
431157.513502	0.386938	103.125000	-451.269531
431157.517502	1.047346	103.125000	-451.269531
431157.519503	1.194834	103.125000	-451.269531
431157.521504	1.191489	13.106374	0.247597
431158.563490	0.626025	340.332031	49.121094
431158.565492	0.954748	340.332031	49.121094
431158.569490	1.193644	340.332031	49.121094
431158.571491	1.190503	340.332031	49.121094
431158.573492	1.188614	13.074753	0.395677
431159.611583	0.545760	88.867187	-498.535156
431159.613587	0.878065	88.867187	-498.535156
431159.615587	1.155732	88.867187	-498.535156
431159.617585	1.194295	88.867187	-498.535156
431159.619587	1.190924	13.100161	0.194651
431160.661620	0.788667	324.511719	49.707031
431160.663622	1.100483	324.511719	49.707031
431160.665623	1.196330	324.511719	49.707031
431160.667622	1.192484	13.117329	0.223822
431161.676216	0.585110	94.921875	-479.687500
431161.678216	0.915978	94.921875	-479.687500
431161.680217	1.171854	94.921875	-479.687500
431161.682217	1.193417	94.921875	-479.687500
431161.684217	1.190157	13.091723	0.247613
431162.724307	0.504932	330.664062	50.000000
431162.726309	0.838534	330.664062	50.000000
431162.728309	0.848411	330.664062	50.000000
431162.730307	1.194544	330.664062	50.000000
431162.732308	1.190888	13.099771	0.280057
431163.772348	0.416359	89.550781	-499.316406
431163.774349	0.753107	89.550781	-499.316406
431163.776350	1.072208	89.550781	-499.316406
431163.778349	1.196213	89.550781	-499.316406
431163.780349	1.192489	13.117380	0.207720
431164.820361	0.316400	319.824219	49.609375
431164.822361	0.657419	319.824219	49.609375
431164.824361	0.984504	319.824219	49.609375
431164.826362	1.190646	319.824219	49.609375
431164.828361	1.193251	319.824219	49.609375
431164.830362	1.190326	13.093586	0.230072
431165.838395	0.695921	95.214844	-481.933594
431165.840398	1.020798	95.214844	-481.933594
431165.842398	1.194159	95.214844	-481.933594
431165.844399	1.192221	13.114430	0.250493
431166.918419	0.474632	304.980469	49.902344
431166.920421	0.809286	304.980469	49.902344
431166.922421	1.114881	304.980469	49.902344
431166.924421	1.194718	304.980469	49.902344
431166.926422	1.190848	13.099328	0.175579
431167.936480	0.849749	86.523437	-511.230469
431167.938481	1.140547	86.523437	-511.230469
431167.940482	1.194519	86.523437	-511.230469
431167.942482	1.190970	13.100675	0.204152
431168.982478	0.420043	313.867187	50.488281
431168.984480	0.756606	313.867187	50.488281
431168.986480	1.075255	313.867187	50.488281
431168.988480	1.197196	313.867187	50.488281
431168.990479	1.193427	13.127697	0.228259
431169.998542	0.461486	99.804687	-471.386719
431170.000544	0.474855	99.804687	-471.386719
431170.002543	1.106245	99.804687	-471.386719
431170.004542	1.196472	99.804687	-471.386719
431170.006542	1.192636	13.118994	0.290900
431171.080617	0.586160	298.925781	49.707031
431171.082620	0.917039	298.925781	49.707031
431171.084619	1.172644	298.925781	49.707031
431171.086620	1.194269	298.925781	49.707031
431171.088619	1.191087	13.101959	0.175152
431172.098654	0.952669	90.039062	-504.394531
431172.100658	1.183529	90.039062	-504.394531
431172.102658	1.184855	90.039062	-504.394531
431172.104658	1.190199	13.092195	0.341816
431173.144674	0.530846	318.066406	51.171875
431173.150674	1.194330	318.066406	51.171875
431173.154676	1.188657	318.066406	51.171875
431173.156676	1.187294	13.060237	0.222137
431174.193228	0.528116	88.769531	-510.351562
431174.195230	0.860873	88.769531	-510.351562
431174.197231	1.146377	88.769531	-510.351562
431174.199230	1.193630	88.769531	-510.351562
431174.201230	1.190083	13.090909	0.177116
431175.241265	0.436426	297.656250	51.855469
431175.243267	0.772318	297.656250	51.855469
431175.245265	1.087838	297.656250	51.855469
431175.247267	1.196559	297.656250	51.855469
431175.249266	1.192819	13.121015	0.172633
431176.257277	0.470864	105.859375	-458.593750
431176.259276	0.805453	105.859375	-458.593750
431176.261277	1.112098	105.859375	-458.593750
431176.263277	1.194494	105.859375	-458.593750
431176.265277	1.190595	13.096545	0.237704
431177.307308	0.716858	311.718750	52.636719
431177.309311	1.040236	311.718750	52.636719
431177.311311	1.194852	311.718750	52.636719
431177.313312	1.191793	13.109724	0.227724
431178.357349	0.953515	94.140625	-495.605469
431178.359350	1.183347	94.140625	-495.605469
431178.361351	1.192676	94.140625	-495.605469
431178.363352	1.189572	13.085291	0.187344
431179.405917	0.953035	298.046875	53.125000
431179.407919	1.183717	298.046875	53.125000
431179.409920	1.193290	298.046875	53.125000
431179.411920	1.190175	13.091928	0.177473
431180.418476	0.412516	99.902344	-480.664062
431180.420477	0.749270	99.902344	-480.664062
431180.422478	1.068941	99.902344	-480.664062
431180.424477	1.196466	99.902344	-480.664062
431180.428475	1.190187	13.092052	0.249757
431181.466541	0.321190	306.347656	54.492187
431181.468542	0.661978	306.347656	54.492187
431181.470541	0.988736	306.347656	54.492187
431181.474540	1.192466	306.347656	54.492187
431181.476540	1.189545	306.347656	54.492187
431181.478542	1.187763	13.065394	0.234063
431182.518620	0.908304	97.949219	-485.742187
431182.520619	1.168875	97.949219	-485.742187
431182.522619	1.193609	97.949219	-485.742187
431182.524618	1.190294	13.093230	0.193689
431183.565182	0.576401	283.984375	54.199219
431183.567183	0.907686	283.984375	54.199219
431183.569182	1.168474	283.984375	54.199219
431183.571183	1.193421	283.984375	54.199219
431183.573183	1.190169	13.091858	0.167018
431184.583151	0.934231	99.511719	-481.542969
431184.585152	0.943861	99.511719	-481.542969
431184.587151	1.193148	99.511719	-481.542969
431184.589153	1.190021	13.090236	0.299803
431185.631184	0.847654	307.812500	55.371094
431185.633185	1.139232	307.812500	55.371094
431185.635187	1.194494	307.812500	55.371094
431185.637186	1.190890	13.099790	0.229903
431186.677727	0.509060	101.269531	-475.683594
431186.679729	0.842402	101.269531	-475.683594
431186.681727	1.136066	101.269531	-475.683594
431186.685727	1.190407	101.269531	-475.683594
431186.687729	1.188336	13.071696	0.202324
431187.725777	1.610546	292.871094	55.664062
431187.727777	0.755308	292.871094	55.664062
431187.729776	1.073947	292.871094	55.664062
431187.731776	1.196341	292.871094	55.664062
431187.733777	1.192573	13.118302	0.184896
431188.742351	0.550086	103.808594	-468.945312
431188.744353	0.882126	103.808594	-468.945312
431188.746352	0.890681	103.808594	-468.945312
431188.748353	1.194088	103.808594	-468.945312
431188.750353	1.190653	13.097184	0.267292
431189.790373	0.457096	302.246094	56.347656
431189.792376	0.792289	302.246094	56.347656
431189.794375	1.102754	302.246094	56.347656
431189.796376	1.194912	302.246094	56.347656
431189.798382	1.190984	13.100825	0.237545
431190.840455	0.709302	99.707031	-482.519531
431190.842457	1.033276	99.707031	-482.519531
431190.844456	1.195364	99.707031	-482.519531
431190.846455	1.192802	13.120819	0.677199
431191.889416	0.773900	281.250000	56.347656
431191.891418	1.089144	281.250000	56.347656
431191.893418	1.196970	281.250000	56.347656
431191.895418	1.193270	13.125968	0.174724
431192.935438	0.342708	91.992187	-506.445312
431192.937444	0.682484	91.992187	-506.445312
431192.939448	1.008811	91.992187	-506.445312
431192.941448	1.194650	91.992187	-506.445312
431192.943446	1.193807	13.131880	0.162008
431193.952361	0.531870	300.195312	57.617187
431193.954362	0.864520	300.195312	57.617187
431193.956364	1.148603	300.195312	57.617187
431193.958363	1.193971	300.195312	57.617187
431193.960362	1.190452	13.094977	0.255994
431195.002443	0.782536	103.027344	-472.753906
431195.004444	1.095646	103.027344	-472.753906
431195.008442	1.191974	103.027344	-472.753906
431195.010446	1.189511	13.084617	0.220730
431196.048438	0.346061	289.355469	56.738281
431196.050440	0.685670	289.355469	56.738281
431196.052443	1.011202	289.355469	56.738281
431196.054445	1.194632	289.355469	56.738281
431196.058452	1.190691	13.097600	0.185865
431197.100496	0.929260	84.472656	-526.562500
431197.102499	1.176265	84.472656	-526.562500
431197.104498	1.193022	84.472656	-526.562500
431197.106499	1.189819	13.088012	0.183865
431198.114540	0.639799	309.570312	57.421875
431198.116543	0.967690	309.570312	57.421875
431198.118544	1.186929	309.570312	57.421875
431198.120543	1.192829	309.570312	57.421875
431198.122542	1.189818	13.087993	0.246965
431199.163097	2.030119	99.414062	-482.812500
431199.165099	0.964622	99.414062	-482.812500
431199.167099	1.188253	99.414062	-482.812500
431199.169101	1.195369	99.414062	-482.812500
431199.171101	1.192580	13.118382	0.389508
431200.211625	0.626130	289.746094	55.859375
431200.213624	0.637296	289.746094	55.859375
431200.215624	1.183980	289.746094	55.859375
431200.217623	1.192903	289.746094	55.859375
431200.221625	1.187963	13.067592	0.331268
431201.261667	0.868919	91.210937	-508.789062
431201.263667	1.150624	91.210937	-508.789062
431201.265667	1.193559	91.210937	-508.789062
431201.267667	1.190079	13.090874	0.169224
431202.274251	0.327469	300.390625	56.054687
431202.276255	0.667864	300.390625	56.054687
431202.278254	0.994297	300.390625	56.054687
431202.280253	1.191758	300.390625	56.054687
431202.282255	1.192687	300.390625	56.054687
431202.284254	1.189797	13.087771	0.265520
431203.324300	0.579441	94.921875	-496.093750
431203.326302	0.910528	94.921875	-496.093750
431203.328302	1.169566	94.921875	-496.093750
431203.332299	1.190058	94.921875	-496.093750
431203.334300	1.188086	13.068948	0.220333
431204.372344	0.490602	289.160156	54.199219
431204.376343	0.833178	289.160156	54.199219
431204.378346	1.194475	289.160156	54.199219
431204.380344	1.190730	13.098026	0.192309
431205.420422	0.406536	86.425781	-520.019531
431205.422424	0.743422	86.425781	-520.019531
431205.424424	1.063970	86.425781	-520.019531
431205.426424	1.196949	86.425781	-520.019531
431205.428423	1.193366	13.127023	0.171363
431206.468445	0.309942	279.785156	54.394531
431206.470446	0.651201	279.785156	54.394531
431206.472448	0.978502	279.785156	54.394531
431206.474447	1.189483	279.785156	54.394531
431206.476449	1.193144	279.785156	54.394531
431206.478448	1.193022	13.123239	0.160570
431207.484483	0.350444	99.316406	-483.398437
431207.486484	0.689690	99.316406	-483.398437
431207.488486	1.014959	99.316406	-483.398437
431207.490484	1.194422	99.316406	-483.398437
431207.492485	1.193110	13.124205	0.228051
431208.533437	0.414194	301.953125	54.687500
431208.535438	0.750872	301.953125	54.687500
431208.537439	1.070251	301.953125	54.687500
431208.539438	1.196192	301.953125	54.687500
431208.541439	1.192454	13.116999	0.210849
431209.583447	0.658816	85.742187	-519.824219
431209.585449	0.985802	85.742187	-519.824219
431209.587447	1.192852	85.742187	-519.824219
431209.589449	1.195439	85.742187	-519.824219
431209.591449	1.192676	13.119436	0.163200
431210.632034	0.659648	286.621094	53.222656
431210.634034	0.986560	286.621094	53.222656
431210.636034	1.190072	286.621094	53.222656
431210.638035	1.192040	286.621094	53.222656
431210.640034	1.189116	13.080275	0.155860
431211.646593	0.449946	87.597656	-513.378906
431211.648595	0.785344	87.597656	-513.378906
431211.650595	1.097791	87.597656	-513.378906
431211.652594	1.196107	87.597656	-513.378906
431211.654596	1.192307	13.115378	0.227207
431212.694678	0.365535	295.410156	53.710937
431212.696680	0.704208	295.410156	53.710937
431212.698679	1.028603	295.410156	53.710937
431212.700678	1.194594	295.410156	53.710937
431212.702680	1.192116	13.113277	0.227982
431213.744721	0.613707	82.910156	-525.683594
431213.746723	0.942962	82.910156	-525.683594
431213.748722	1.180342	82.910156	-525.683594
431213.750723	1.192739	82.910156	-525.683594
431213.752723	1.189619	13.085814	0.248459
431214.795305	0.944771	285.156250	52.343750
431214.797306	0.952128	285.156250	52.343750
431214.799307	1.192611	285.156250	52.343750
431214.801312	1.189462	13.084085	0.270230
431215.807300	0.304594	84.667969	-519.433594
431215.809304	0.646113	84.667969	-519.433594
431215.811302	0.973615	84.667969	-519.433594
431215.813304	1.188127	84.667969	-519.433594
431215.815307	1.192764	84.667969	-519.433594
431215.819311	1.187892	13.066813	0.216726
431216.857349	0.558672	299.218750	53.417969
431216.859350	0.890381	299.218750	53.417969
431216.861351	1.161023	299.218750	53.417969
431216.863351	1.193354	299.218750	53.417969
431216.865352	1.189944	13.089384	0.224815
431217.905393	1.808517	80.175781	-528.515625
431217.907396	0.804184	80.175781	-528.515625
431217.909395	1.111300	80.175781	-528.515625
431217.911395	1.194788	80.175781	-528.515625
431217.913395	1.191001	13.101011	0.168711
431218.953948	0.465490	291.992187	53.515625
431218.957948	1.108414	291.992187	53.515625
431218.959950	1.194511	291.992187	53.515625
431218.961949	1.190600	13.096600	0.184568
431219.972917	0.987231	82.031250	-524.121094
431219.974919	1.190388	82.031250	-524.121094
431219.976918	1.192438	82.031250	-524.121094
431219.978918	1.189555	13.085104	0.492522
431221.050966	0.444238	270.214844	52.343750
431221.052968	0.779891	270.214844	52.343750
431221.054968	1.093905	270.214844	52.343750
431221.056969	1.197391	270.214844	52.343750
431221.058968	1.193558	13.129141	0.144116
431222.067013	0.483771	82.910156	-520.703125
431222.069016	0.817927	82.910156	-520.703125
431222.071014	1.120683	82.910156	-520.703125
431222.073014	1.194655	82.910156	-520.703125
431222.075015	1.194516	13.139678	0.163131
431223.115007	0.384112	287.500000	52.929687
431223.117008	0.721913	287.500000	52.929687
431223.119008	1.044821	287.500000	52.929687
431223.121008	1.195894	287.500000	52.929687
431223.123009	1.192865	13.121519	0.181606
431224.133017	0.755221	93.750000	-491.503906
431224.135017	1.073799	93.750000	-491.503906
431224.139015	1.192088	93.750000	-491.503906
431224.141018	1.189585	13.085432	0.222076
431225.211548	0.276024	270.019531	52.929687
431225.213551	0.619022	270.019531	52.929687
431225.215554	0.948092	270.019531	52.929687
431225.217559	1.182249	270.019531	52.929687
431225.219562	1.193006	270.019531	52.929687
431225.221564	1.189795	13.087746	0.146181
431226.229590	0.659478	81.054687	-525.781250
431226.231599	0.986303	81.054687	-525.781250
431226.233601	1.190109	81.054687	-525.781250
431226.237602	1.189051	81.054687	-525.781250
431226.239604	1.187347	13.060812	0.175481
431227.278127	0.650664	289.453125	53.808594
431227.280128	0.669632	289.453125	53.808594
431227.282127	1.188778	289.453125	53.808594
431227.284128	1.192402	289.453125	53.808594
431227.286129	1.189452	13.083970	0.428985
431228.292695	1.720160	85.546875	-514.257812
431228.294698	0.779044	85.546875	-514.257812
431228.296699	1.092915	85.546875	-514.257812
431228.298699	1.196104	85.546875	-514.257812
431228.300698	1.192238	13.114615	0.225773
431229.374716	0.556617	270.214844	53.417969
431229.378722	1.160699	270.214844	53.417969
431229.380724	1.193959	270.214844	53.417969
431229.382726	1.190585	13.096439	0.139815
431230.390789	0.602476	74.609375	-543.750000
431230.392791	0.932360	74.609375	-543.750000
431230.394790	1.177381	74.609375	-543.750000
431230.396791	1.193081	74.609375	-543.750000
431230.398791	1.189939	13.089332	0.211383
431231.438814	0.509626	285.253906	54.492187
431231.440817	0.842842	285.253906	54.492187
431231.442815	1.136060	285.253906	54.492187
431231.444815	1.140105	285.253906	54.492187
431231.446815	1.189893	13.088818	0.189150
431232.488932	0.768264	69.531250	-555.468750
431232.490934	1.084504	69.531250	-555.468750
431232.494931	1.192359	69.531250	-555.468750
431232.496933	1.189827	13.088099	0.142523
431233.534988	0.341555	269.433594	53.808594
431233.536990	0.681331	269.433594	53.808594
431233.538997	1.007022	269.433594	53.808594
431233.540996	1.192977	269.433594	53.808594
431233.542996	1.192114	13.113259	0.149566
431234.552984	0.712820	87.304687	-512.890625
431234.554986	1.036498	87.304687	-512.890625
431234.556990	1.195472	87.304687	-512.890625
431234.560992	1.189843	13.088276	0.183815
431235.601562	0.713575	287.500000	55.273437
431235.603565	1.037169	287.500000	55.273437
431235.605565	1.195766	287.500000	55.273437
431235.607564	1.192971	13.122681	0.185842
431236.650152	0.713511	69.433594	-555.957031
431236.652155	1.037182	69.433594	-555.957031
431236.654154	1.194426	69.433594	-555.957031
431236.656156	1.191511	13.106622	0.143078
431237.700157	0.946615	266.699219	54.589844
431237.702160	1.181314	266.699219	54.589844
431237.704160	1.192498	266.699219	54.589844
431237.706162	1.189368	13.083048	0.247240
431238.712148	2.063590	83.398437	-525.390625
431238.714150	0.648174	83.398437	-525.390625
431238.716149	0.975616	83.398437	-525.390625
431238.720149	1.192674	83.398437	-525.390625
431238.722150	1.189582	83.398437	-525.390625
431238.724152	1.187818	13.065997	0.210681
431239.762181	0.556603	278.710937	55.859375
431239.764183	0.888432	278.710937	55.859375
431239.766182	1.160355	278.710937	55.859375
431239.768183	1.193687	278.710937	55.859375
431239.770181	1.190282	13.093098	0.189204
431240.810242	0.471021	79.492187	-536.035156
431240.812244	0.805645	79.492187	-536.035156
431240.814244	1.112342	79.492187	-536.035156
431240.816242	1.194884	79.492187	-536.035156
431240.818243	1.190979	13.100773	0.154924
431241.860232	0.707742	270.019531	56.152344
431241.862233	1.031831	270.019531	56.152344
431241.864234	1.194575	270.019531	56.152344
431241.866233	1.191871	13.110582	0.139135
431242.874799	0.499455	88.183594	-514.941406
431242.876802	0.833073	88.183594	-514.941406
431242.878802	1.130173	88.183594	-514.941406
431242.882802	1.190206	88.183594	-514.941406
431242.884803	1.190130	13.091432	0.208344
431243.922871	0.414233	275.195312	57.324219
431243.924873	0.750844	275.195312	57.324219
431243.926873	1.070157	275.195312	57.324219
431243.928874	1.196036	275.195312	57.324219
431243.930872	1.192309	13.115396	0.188710
431244.970866	0.310518	81.445312	-531.640625
431244.972869	0.651698	81.445312	-531.640625
431244.974869	0.978963	81.445312	-531.640625
431244.976869	1.188519	81.445312	-531.640625
431244.978870	1.191879	81.445312	-531.640625
431244.980869	1.188952	13.078476	0.162629
431246.020852	0.553401	263.476562	56.640625
431246.022854	0.885244	263.476562	56.640625
431246.024856	1.158937	263.476562	56.640625
431246.026856	1.193748	263.476562	56.640625
431246.028854	1.190389	13.094276	0.138071
431247.036928	0.597290	99.218750	-486.816406
431247.038930	0.927374	99.218750	-486.816406
431247.040930	1.175327	99.218750	-486.816406
431247.042930	1.192479	99.218750	-486.816406
431247.044931	1.189336	13.082694	0.228380
431248.084966	0.508451	270.507812	58.789062
431248.086969	0.521678	270.507812	58.789062
431248.088969	1.135572	270.507812	58.789062
431248.090969	1.194167	270.507812	58.789062
431248.092971	1.190500	13.095500	0.187573
431249.133011	0.418452	84.863281	-523.730469
431249.135012	0.754852	84.863281	-523.730469
431249.137012	1.073383	84.863281	-523.730469
431249.139010	1.194965	84.863281	-523.730469
431249.141011	1.191095	13.102049	0.162119
431250.181055	0.324757	259.960937	57.519531
431250.183055	0.665271	259.960937	57.519531
431250.185057	0.991767	259.960937	57.519531
431250.187057	1.191215	259.960937	57.519531
431250.189057	1.192447	259.960937	57.519531
431250.191056	1.189510	13.084607	0.139575
431251.197115	0.371119	98.925781	-488.476562
431251.199116	0.709391	98.925781	-488.476562
431251.201117	1.033260	98.925781	-488.476562
431251.203117	1.194324	98.925781	-488.476562
431251.205115	1.191571	13.107286	0.224206
431252.249628	1.022512	267.480469	58.789062
431252.251631	1.193957	267.480469	58.789062
431252.253631	1.191862	13.110486	0.198489
431253.295631	0.602774	86.816406	-518.847656
431253.297632	0.932566	86.816406	-518.847656
431253.299632	1.177124	86.816406	-518.847656
431253.301632	1.192678	86.816406	-518.847656
431253.303633	1.189553	13.085086	0.173172
431254.346179	0.928397	267.578125	58.984375
431254.348183	1.176030	267.578125	58.984375
431254.350181	1.193185	267.578125	58.984375
431254.352183	1.189988	13.089872	0.161744
431255.394209	0.838934	77.050781	-541.699219
431255.396210	1.133939	77.050781	-541.699219
431255.400209	1.190383	77.050781	-541.699219
431255.404209	1.186713	13.053838	0.127396
431256.406747	0.285850	267.675781	59.375000
431256.408748	0.628224	267.675781	59.375000
431256.410748	0.956627	267.675781	59.375000
431256.412748	1.184105	267.675781	59.375000
431256.414750	1.192666	267.675781	59.375000
431256.416749	1.189518	13.084697	0.202962
431257.460756	1.148686	86.816406	-518.945312
431257.464757	1.190134	86.816406	-518.945312
431257.466758	1.188072	13.068789	0.176341
431258.505280	0.525776	261.816406	59.082031
431258.507280	0.858504	261.816406	59.082031
431258.509281	1.145231	261.816406	59.082031
431258.511281	1.193856	261.816406	59.082031
431258.513282	1.190373	13.094108	0.147531
431259.553298	0.432003	75.000000	-545.996094
431259.555299	0.767978	75.000000	-545.996094
431259.557300	1.084268	75.000000	-545.996094
431259.559301	1.196140	75.000000	-545.996094
431259.561301	1.192332	13.115652	0.129605
431260.571344	0.806688	267.285156	59.375000
431260.575346	1.194865	267.285156	59.375000
431260.577347	1.190965	267.285156	59.375000
431260.581345	1.187198	13.059174	0.197883
431261.617412	0.384976	84.667969	-523.632812
431261.621412	1.045304	84.667969	-523.632812
431261.623414	1.194620	84.667969	-523.632812
431261.625413	1.191325	13.104574	0.175888
431262.667438	0.628716	262.109375	58.789062
431262.669440	0.957114	262.109375	58.789062
431262.671442	1.184399	262.109375	58.789062
431262.673442	1.192819	262.109375	58.789062
431262.675441	1.189724	13.086965	0.299654
431263.717423	0.862311	76.074219	-543.066406
431263.719424	1.147142	76.074219	-543.066406
431263.721424	1.193715	76.074219	-543.066406
431263.723424	1.190257	13.092832	0.132003
431264.729937	0.308663	271.875000	59.179687
431264.731939	0.649883	271.875000	59.179687
431264.733938	0.977201	271.875000	59.179687
431264.735939	1.188786	271.875000	59.179687
431264.737939	1.192537	271.875000	59.179687
431264.739940	1.189552	13.085069	0.219474
431265.780017	0.564194	84.179687	-523.144531
431265.782018	0.895711	84.179687	-523.144531
431265.784017	1.163577	84.179687	-523.144531
431265.786019	1.193625	84.179687	-523.144531
431265.788020	1.190284	13.093124	0.174143
431266.828017	0.468980	265.917969	58.007812
431266.830018	0.803543	265.917969	58.007812
431266.832019	1.110788	265.917969	58.007812
431266.834019	1.194590	265.917969	58.007812
431266.836019	1.190598	13.096581	0.153065
431267.878077	0.718904	75.097656	-542.773437
431267.880080	1.041973	75.097656	-542.773437
431267.882079	1.194426	75.097656	-542.773437
431267.884080	1.191277	13.104043	0.136123
431268.926656	0.719090	255.957031	56.835937
431268.928658	1.042156	255.957031	56.835937
431268.930657	1.194453	255.957031	56.835937
431268.932656	1.191237	13.103609	0.122262
431269.941202	0.505486	88.281250	-511.523437
431269.943203	0.838817	88.281250	-511.523437
431269.945200	1.133803	88.281250	-511.523437
431269.947201	1.193951	88.281250	-511.523437
431269.949200	1.190235	13.092584	0.183010
431270.992170	0.901337	272.070312	58.300781
431270.994173	1.165346	272.070312	58.300781
431270.996173	1.192387	272.070312	58.300781
431270.998172	1.189218	13.081400	0.162892
431272.040713	0.896836	72.167969	-547.070312
431272.042714	1.164053	72.167969	-547.070312
431272.044713	1.193612	72.167969	-547.070312
431272.046714	1.190258	13.092841	0.129460
431273.087241	0.558134	261.816406	56.542969
431273.091242	1.160946	261.816406	56.542969
431273.093246	1.193616	261.816406	56.542969
431273.095244	1.190224	13.092468	0.129034
431274.102186	0.412465	79.296875	-530.273437
431274.106187	1.068357	79.296875	-530.273437
431274.108188	1.194534	79.296875	-530.273437
431274.110187	1.190689	13.097583	0.178134
431275.152243	0.661980	275.585937	58.007812
431275.154246	0.988584	275.585937	58.007812
431275.156245	1.190853	275.585937	58.007812
431275.158245	1.192502	275.585937	58.007812
431275.160247	1.189644	13.086079	0.459597
431276.202243	0.896624	68.261719	-552.050781
431276.204244	1.163567	68.261719	-552.050781
431276.206243	1.192852	68.261719	-552.050781
431276.208244	1.189488	13.084369	0.127142
431277.248273	0.473171	260.644531	56.445312
431277.250274	0.807605	260.644531	56.445312
431277.252273	1.113632	260.644531	56.445312
431277.254273	1.194614	260.644531	56.445312
431277.256275	1.190665	13.097317	0.129925
431278.264858	0.601591	73.242187	-540.332031
431278.266860	0.931078	73.242187	-540.332031
431278.268858	1.176708	73.242187	-540.332031
431278.270859	1.192711	73.242187	-540.332031
431278.272860	1.189553	13.085086	0.203883
431279.312958	0.523475	270.410156	56.738281
431279.314956	0.856177	270.410156	56.738281
431279.316958	1.143746	270.410156	56.738281
431279.318957	1.193557	270.410156	56.738281
431279.320957	1.189962	13.089580	0.179764
431280.360964	0.428721	69.042969	-548.242187
431280.362967	0.764745	69.042969	-548.242187
431280.364966	1.081658	69.042969	-548.242187
431280.366966	1.196369	69.042969	-548.242187
431280.368965	1.192522	13.117743	0.133704
431281.411526	0.762268	250.683594	55.664062
431281.413528	1.079625	250.683594	55.664062
431281.415529	1.195806	250.683594	55.664062
431281.417529	1.191961	13.111575	0.137391
431282.427563	0.799776	68.750000	-547.460937
431282.429566	1.108031	68.750000	-547.460937
431282.431566	1.194644	68.750000	-547.460937
431282.433563	1.190708	13.097786	0.165627
431283.475629	0.715471	279.687500	57.910156
431283.477629	1.038855	279.687500	57.910156
431283.479631	1.194368	279.687500	57.910156
431283.481630	1.191265	13.103919	0.693163
431284.523631	0.619596	60.253906	-564.160156
431284.525632	0.948493	60.253906	-564.160156
431284.527633	1.181721	60.253906	-564.160156
431284.529635	1.192215	60.253906	-564.160156
431284.531635	1.189148	13.080628	0.131263
431285.573628	0.854030	263.476562	57.031250
431285.575629	1.142766	263.476562	57.031250
431285.577630	1.194027	263.476562	57.031250
431285.579629	1.190436	13.094790	0.142204
431286.588219	0.654176	71.191406	-542.285156
431286.592220	1.188983	71.191406	-542.285156
431286.594221	1.191978	71.191406	-542.285156
431286.596220	1.189104	13.080141	0.176424
431287.636291	0.567225	273.144531	57.519531
431287.638296	0.898563	273.144531	57.519531
431287.640301	1.165060	273.144531	57.519531
431287.642302	1.193074	273.144531	57.519531
431287.644300	1.189741	13.087152	0.193228
431288.684352	0.482743	65.039062	-554.394531
431288.686352	0.816863	65.039062	-554.394531
431288.688354	1.119861	65.039062	-554.394531
431288.690355	1.194453	65.039062	-554.394531
431288.692353	1.190610	13.096705	0.137060
431289.732398	0.392253	259.960937	56.738281
431289.734398	0.729580	259.960937	56.738281
431289.736399	1.051600	259.960937	56.738281
431289.738399	1.195299	259.960937	56.738281
431289.742396	1.189272	13.081994	0.146563
431290.748422	0.427206	83.984375	-514.062500
431290.750423	0.763098	83.984375	-514.062500
431290.752423	1.080072	83.984375	-514.062500
431290.754423	1.195299	83.984375	-514.062500
431290.756423	1.191448	13.105930	0.183324
431291.799358	0.822142	265.820312	57.617187
431291.801360	1.123184	265.820312	57.617187
431291.803361	1.193963	265.820312	57.617187
431291.805360	1.190108	13.091184	0.199709
431292.847363	0.729018	70.800781	-542.187500
431292.849365	1.051066	70.800781	-542.187500
431292.851366	1.195885	70.800781	-542.187500
431292.853366	1.192572	13.118294	0.138290
431293.895905	0.720893	251.562500	56.347656
431293.897907	1.043811	251.562500	56.347656
431293.899907	1.194221	251.562500	56.347656
431293.901905	1.190991	13.100896	0.147369
431294.911949	0.762108	82.617187	-517.773437
431294.913950	1.079372	82.617187	-517.773437
431294.915949	1.195674	82.617187	-517.773437
431294.917950	1.191824	13.110061	0.185063
431295.958509	0.422998	278.027344	58.984375
431295.960510	0.759261	278.027344	58.984375
431295.962512	1.077016	278.027344	58.984375
431295.964510	1.195470	278.027344	58.984375
431295.966510	1.191589	13.107482	0.203864
431297.007502	0.494706	69.335937	-546.289062
431297.009504	0.828453	69.335937	-546.289062
431297.011504	1.127234	69.335937	-546.289062
431297.013505	1.193808	69.335937	-546.289062
431297.015504	1.190021	13.090236	0.143382
431298.055534	0.401690	255.664062	57.421875
431298.057540	0.738684	255.664062	57.421875
431298.059541	1.060416	255.664062	57.421875
431298.061543	1.195516	255.664062	57.421875
431298.063541	1.191983	13.111815	0.145778
431299.071566	0.439801	89.941406	-502.539062
431299.073568	0.775316	89.941406	-502.539062
431299.075567	1.090296	89.941406	-502.539062
431299.079567	1.194239	89.941406	-502.539062
431299.081568	1.191860	13.110459	0.209016
431300.120536	0.506742	270.507812	58.789062
431300.124535	1.134567	270.507812	58.789062
431300.126538	1.193982	270.507812	58.789062
431300.128539	1.190300	13.093301	0.194788
431301.168554	0.412158	77.148437	-531.152344
431301.170556	0.748725	77.148437	-531.152344
431301.172556	1.068294	77.148437	-531.152344
431301.174556	1.195541	77.148437	-531.152344
431301.176560	1.191805	13.109857	0.156668
431302.217158	0.417161	253.710937	58.007812
431302.219160	0.753503	253.710937	58.007812
431302.221161	1.072291	253.710937	58.007812
431302.223160	1.195512	253.710937	58.007812
431302.227158	1.189168	13.080851	0.148183
431303.265209	0.325706	64.941406	-555.859375
431303.267210	0.665971	64.941406	-555.859375
431303.269211	0.992367	64.941406	-555.859375
431303.271211	1.191640	64.941406	-555.859375
431303.273212	1.192920	64.941406	-555.859375
431303.275211	1.190025	13.090280	0.115203
431304.281221	0.360264	258.789062	59.472656
431304.283222	0.699038	258.789062	59.472656
431304.285224	1.023581	258.789062	59.472656
431304.287224	1.195124	258.789062	59.472656
431304.289223	1.193072	13.123796	0.192077
431305.335238	1.179292	82.714844	-520.703125
431305.337238	1.194643	82.714844	-520.703125
431305.339239	1.191548	13.107029	0.209441
431306.381218	0.838766	244.335937	58.300781
431306.383217	1.133639	244.335937	58.300781
431306.385218	1.193850	244.335937	58.300781
431306.389216	1.188055	13.068603	0.139380
431307.427278	0.418844	65.527344	-554.687500
431307.429282	0.755155	65.527344	-554.687500
431307.431280	1.073685	65.527344	-554.687500
431307.433280	1.195953	65.527344	-554.687500
431307.435280	1.192084	13.112924	0.120445
431308.443367	0.467009	270.703125	62.011719
431308.445367	0.801508	270.703125	62.011719
431308.447368	1.109017	270.703125	62.011719
431308.449368	1.193707	270.703125	62.011719
431308.451369	1.189904	13.088942	0.190870
431309.491392	0.372764	85.937500	-514.160156
431309.493392	0.710912	85.937500	-514.160156
431309.495392	1.034607	85.937500	-514.160156
431309.497393	1.194511	85.937500	-514.160156
431309.499393	1.191635	13.107986	0.168981
431310.541402	0.613653	243.457031	59.960937
431310.543404	0.942741	243.457031	59.960937
431310.545405	1.180268	243.457031	59.960937
431310.547406	1.192735	243.457031	59.960937
431310.549404	1.189615	13.085760	0.224738
431311.589427	0.522221	70.410156	-545.117187
431311.591428	0.854949	70.410156	-545.117187
431311.593430	1.142918	70.410156	-545.117187
431311.597427	1.189612	70.410156	-545.117187
431311.599429	1.187640	13.064038	0.123512
431312.637440	0.427202	239.160156	60.253906
431312.639441	0.763236	239.160156	60.253906
431312.641441	1.080268	239.160156	60.253906
431312.643441	1.195782	239.160156	60.253906
431312.645441	1.191989	13.111877	0.105129
431313.653478	0.466413	76.074219	-534.960937
431313.655482	0.800972	76.074219	-534.960937
431313.657481	1.109034	76.074219	-534.960937
431313.659480	1.195274	76.074219	-534.960937
431313.661481	1.191397	13.105371	0.174042
431314.705538	1.039747	255.078125	62.304687
431314.707540	1.194117	255.078125	62.304687
431314.709540	1.190972	13.100693	0.150752
431315.750071	0.371553	75.683594	-536.132812
431315.752073	0.709712	75.683594	-536.132812
431315.754073	1.033548	75.683594	-536.132812
431315.756073	1.194056	75.683594	-536.132812
431315.758073	1.191160	13.102758	0.130043
431316.799049	0.440508	239.062500	60.253906
431316.801052	0.775986	239.062500	60.253906
431316.803051	1.090807	239.062500	60.253906
431316.805051	1.197609	239.062500	60.253906
431316.807053	1.193777	13.131552	0.100477
431317.815595	0.561968	82.519531	-521.582031
431317.817596	0.893400	82.519531	-521.582031
431317.819596	1.162033	82.519531	-521.582031
431317.821596	1.192804	82.519531	-521.582031
431317.823596	1.189449	13.083943	0.169262
431318.865612	0.805202	249.707031	61.621094
431318.867614	1.111663	249.707031	61.621094
431318.869614	1.193788	249.707031	61.621094
431318.871615	1.189860	13.088463	0.146994
431319.911661	0.380555	70.410156	-544.726562
431319.913663	0.718330	70.410156	-544.726562
431319.915663	1.041427	70.410156	-544.726562
431319.917663	1.194792	70.410156	-544.726562
431319.919663	1.191658	13.108244	0.132187
431320.961692	0.626015	237.109375	60.253906
431320.963694	0.954472	237.109375	60.253906
431320.965694	1.184025	237.109375	60.253906
431320.967696	1.193075	237.109375	60.253906
431320.969694	1.189971	13.089677	0.256136
431321.977708	0.661247	75.781250	-535.351562
431321.979711	0.987892	75.781250	-535.351562
431321.983710	1.191565	75.781250	-535.351562
431321.985713	1.188806	75.781250	-535.351562
431321.987709	1.187048	13.057525	0.179806
431323.025799	0.578874	250.097656	62.011719
431323.027799	0.909796	250.097656	62.011719
431323.029799	1.168787	250.097656	62.011719
431323.031802	1.192440	250.097656	62.011719
431323.033800	1.189165	13.080815	0.145149
431324.075829	0.822282	71.289062	-542.382812
431324.077829	1.123278	71.289062	-542.382812
431324.079831	1.193712	71.289062	-542.382812
431324.081830	1.189838	13.088215	0.133338
431325.121882	0.400424	235.156250	60.058594
431325.123884	0.737428	235.156250	60.058594
431325.125884	1.058499	235.156250	60.058594
431325.127886	1.195622	235.156250	60.058594
431325.129884	1.192094	13.113037	0.111588
431326.137919	0.438948	76.269531	-531.933594
431326.139920	0.774501	76.269531	-531.933594
431326.141920	1.089256	76.269531	-531.933594
431326.143921	1.195597	76.269531	-531.933594
431326.145920	1.191759	13.109351	0.188250
431327.185909	0.338041	256.835937	62.304687
431327.187912	0.677787	256.835937	62.304687
431327.189914	1.003487	256.835937	62.304687
431327.191918	1.193168	256.835937	62.304687
431327.193916	1.192828	256.835937	62.304687
431327.197915	1.188232	13.070553	0.168865
431328.236853	0.737998	76.171875	-531.640625
431328.238857	1.058939	76.171875	-531.640625
431328.242854	1.191546	76.171875	-531.640625
431328.244855	1.188943	13.078369	0.139733
431329.284851	0.642413	246.386719	60.644531
431329.286854	0.969958	246.386719	60.644531
431329.290851	1.193694	246.386719	60.644531
431329.292854	1.190759	246.386719	60.644531
431329.294854	1.188811	13.076924	0.331105
431330.300839	0.670402	73.339844	-535.449219
431330.302852	0.996475	73.339844	-535.449219
431330.304853	1.193568	73.339844	-535.449219
431330.306855	1.194113	73.339844	-535.449219
431330.308854	1.194002	13.134024	0.500399
431331.350877	0.910039	255.371094	61.230469
431331.352881	1.168665	255.371094	61.230469
431331.354879	1.192189	255.371094	61.230469
431331.356881	1.189035	13.079389	0.159317
431332.399446	0.909011	69.042969	-542.089844
431332.401448	1.168584	69.042969	-542.089844
431332.403448	1.192781	69.042969	-542.089844
431332.405449	1.189531	13.084838	0.128780
431333.445951	0.565281	248.632812	60.156250
431333.447953	0.896724	248.632812	60.156250
431333.449952	1.163877	248.632812	60.156250
431333.451952	1.193466	248.632812	60.156250
431333.453957	1.190133	13.091459	0.116628
431334.462009	0.608057	75.683594	-529.199219
431334.466009	1.178381	75.683594	-529.199219
431334.468010	1.192194	75.683594	-529.199219
431334.470012	1.189085	13.079938	0.233729
431335.510085	0.523934	257.421875	60.449219
431335.512085	0.856662	257.421875	60.449219
431335.514093	1.144178	257.421875	60.449219
431335.516089	1.192858	257.421875	60.449219
431335.520089	1.187293	13.060227	0.170031
431336.558248	1.860916	65.722656	-545.117187
431336.560248	0.790480	65.722656	-545.117187
431336.562249	1.101220	65.722656	-545.117187
431336.564249	1.194715	65.722656	-545.117187
431336.568248	1.188436	13.072795	0.128149
431337.606279	0.361115	244.238281	58.691406
431337.608281	0.699706	244.238281	58.691406
431337.610282	1.024133	244.238281	58.691406
431337.612281	1.193188	244.238281	58.691406
431337.614281	1.190879	13.099665	0.128307
431338.622317	0.401155	71.972656	-532.421875
431338.624317	0.738091	71.972656	-532.421875
431338.626318	1.059075	71.972656	-532.421875
431338.628317	1.195491	71.972656	-532.421875
431338.630317	1.191841	13.110247	0.176945
431339.672326	0.642412	256.835937	60.156250
431339.674333	0.970026	256.835937	60.156250
431339.676335	1.187087	256.835937	60.156250
431339.678339	1.192129	256.835937	60.156250
431339.680338	1.189101	13.080106	0.384678
431340.720387	0.556791	66.406250	-542.773437
431340.722389	0.888473	66.406250	-542.773437
431340.724389	1.159637	66.406250	-542.773437
431340.726390	1.162788	66.406250	-542.773437
431340.728389	1.189137	13.080504	0.128134
431341.768948	0.555035	249.804687	59.179687
431341.772949	1.159175	249.804687	59.179687
431341.774951	1.193238	249.804687	59.179687
431341.776952	1.189870	13.088569	0.140884
431342.785501	0.678607	79.101562	-518.066406
431342.789509	1.193375	79.101562	-518.066406
431342.791510	1.192834	79.101562	-518.066406
431342.793512	1.189998	13.089978	0.531989
431343.868490	0.948346	236.328125	58.203125
431343.870494	1.181549	236.328125	58.203125
431343.872493	1.192088	236.328125	58.203125
431343.874495	1.189024	13.079264	0.219740
431344.882523	0.657040	55.175781	-559.570312
431344.884522	0.983816	55.175781	-559.570312
431344.886523	1.189081	55.175781	-559.570312
431344.888525	1.191472	55.175781	-559.570312
431344.890523	1.188675	13.075427	0.129670
431345.930551	0.565613	250.390625	59.765625
431345.932552	0.896959	250.390625	59.765625
431345.934553	1.163538	250.390625	59.765625
431345.936553	1.192724	250.390625	59.765625
431345.938551	1.189482	13.084298	0.140522
431346.945129	0.357809	71.191406	-531.640625
431346.947132	0.696610	71.191406	-531.640625
431346.949133	1.021285	71.191406	-531.640625
431346.951132	1.193365	71.191406	-531.640625
431346.953132	1.191159	13.102749	0.180153
431348.027165	0.475974	233.007812	57.031250
431348.031164	1.115350	233.007812	57.031250
431348.035163	1.190564	233.007812	57.031250
431348.037165	1.188356	13.071917	0.100925
431349.043185	0.509782	67.187500	-538.476562
431349.045188	0.842872	67.187500	-538.476562
431349.047188	1.136077	67.187500	-538.476562
431349.049187	1.193726	67.187500	-538.476562
431349.051187	1.190000	13.089996	0.133501
431350.092148	0.576141	255.468750	60.156250
431350.094150	0.907156	255.468750	60.156250
431350.096149	1.167866	255.468750	60.156250
431350.098149	1.192820	255.468750	60.156250
431350.100148	1.189553	13.085086	0.139273
431351.110132	0.936090	70.214844	-533.105469
431351.112133	1.178065	70.214844	-533.105469
431351.114133	1.192388	70.214844	-533.105469
431351.116133	1.189213	13.081347	0.231669
431352.188156	0.383183	230.957031	57.812500
431352.190156	0.720928	230.957031	57.812500
431352.192159	1.043801	230.957031	57.812500
431352.194158	1.194599	230.957031	57.812500
431352.196156	1.191223	13.103449	0.105646
431353.206177	0.755441	56.250000	-556.542969
431353.208178	1.073783	56.250000	-556.542969
431353.210178	1.194923	56.250000	-556.542969
431353.214176	1.188697	13.075665	0.129522
431354.252231	0.327587	248.925781	59.765625
431354.254233	0.667784	248.925781	59.765625
431354.256232	0.993968	248.925781	59.765625
431354.258233	1.191597	248.925781	59.765625
431354.260233	1.192467	248.925781	59.765625
431354.262234	1.189550	13.085051	0.144815
431355.302250	0.573915	54.882812	-557.714844
431355.304253	0.905019	54.882812	-557.714844
431355.306251	1.167235	54.882812	-557.714844
431355.308254	1.193168	54.882812	-557.714844
431355.310259	1.189843	13.088268	0.096478
431356.350820	0.573170	235.644531	58.886719
431356.352822	0.904249	235.644531	58.886719
431356.354823	1.166559	235.644531	58.886719
431356.356823	1.192582	235.644531	58.886719
431356.358824	1.189301	13.082313	0.106969
431357.366824	0.607837	71.875000	-529.785156
431357.368826	0.937230	71.875000	-529.785156
431357.370827	1.178350	71.875000	-529.785156
431357.372826	1.192358	71.875000	-529.785156
431357.374829	1.189245	13.081692	0.139092
431358.415804	0.673561	248.535156	60.644531
431358.417823	0.999447	248.535156	60.644531
431358.419826	1.191746	248.535156	60.644531
431358.421826	1.191263	13.103892	0.488543
431359.464362	0.671504	57.226562	-554.296875
431359.466370	0.997586	57.226562	-554.296875
431359.468367	1.193167	57.226562	-554.296875
431359.474365	1.189047	57.226562	-554.296875
431359.476368	1.187763	13.065394	0.454676
431360.510950	0.334832	237.011719	59.179687
431360.512952	0.674615	237.011719	59.179687
431360.514970	1.000467	237.011719	59.179687
431360.516967	1.193013	237.011719	59.179687
431360.518969	1.192803	237.011719	59.179687
431360.520968	1.189902	13.088924	0.106022
431361.527459	0.456208	74.414062	-526.269531
431361.529462	0.471579	74.414062	-526.269531
431361.531461	1.101649	74.414062	-526.269531
431361.533461	1.194717	74.414062	-526.269531
431361.535461	1.190760	13.098363	0.146712
431362.576428	0.521933	251.367187	61.621094
431362.578430	0.854661	251.367187	61.621094
431362.580429	1.142664	251.367187	61.621094
431362.582429	1.193150	251.367187	61.621094
431362.584429	1.189561	13.085175	0.142925
431363.626416	0.759209	56.152344	-556.152344
431363.628420	1.076920	56.152344	-556.152344
431363.630418	1.195257	56.152344	-556.152344
431363.632419	1.191319	13.104504	0.109912
431364.674421	0.663978	236.621094	60.644531
431364.676423	0.990465	236.621094	60.644531
431364.678421	1.190272	236.621094	60.644531
431364.680421	1.191460	236.621094	60.644531
431364.682423	1.191369	13.105062	0.099241
431365.688982	0.453146	67.187500	-538.769531
431365.690983	0.788156	67.187500	-538.769531
431365.692984	1.099478	67.187500	-538.769531
431365.694984	1.194582	67.187500	-538.769531
431365.696983	1.190628	13.096909	0.159362
431366.739024	0.700307	245.410156	61.914062
431366.741027	1.024729	245.410156	61.914062
431366.743027	1.193261	245.410156	61.914062
431366.745026	1.193473	13.128201	0.142395
431367.785577	0.355886	66.601562	-540.820312
431367.787579	0.694690	66.601562	-540.820312
431367.789578	1.019441	66.601562	-540.820312
431367.791579	1.193487	66.601562	-540.820312
431367.793578	1.191572	13.107295	0.118826
431368.834128	0.351360	234.375000	61.718750
431368.836130	0.690392	234.375000	61.718750
431368.838130	1.015426	234.375000	61.718750
431368.840129	1.193884	234.375000	61.718750
431368.842131	1.192364	13.116008	0.104917
431369.850651	0.474524	74.902344	-526.171875
431369.852652	0.808792	74.902344	-526.171875
431369.854653	1.114200	74.902344	-526.171875
431369.856651	1.194137	74.902344	-526.171875
431369.858653	1.190177	13.091946	0.161632
431370.898715	0.387052	239.160156	62.890625
431370.900718	0.724564	239.160156	62.890625
431370.902717	1.047040	239.160156	62.890625
431370.904718	1.195779	239.160156	62.890625
431370.906718	1.192546	13.118010	0.139037
431371.948698	0.623185	66.308594	-540.429687
431371.950699	0.951748	66.308594	-540.429687
431371.952699	1.182411	66.308594	-540.429687
431371.954698	1.191916	66.308594	-540.429687
431371.956698	1.188902	13.077927	0.241108
431372.999233	0.945911	229.589844	61.914062
431373.001236	1.180966	229.589844	61.914062
431373.003236	1.192330	229.589844	61.914062
431373.005236	1.189258	13.081843	0.195758
431374.011782	0.405544	85.156250	-507.910156
431374.013787	0.742203	85.156250	-507.910156
431374.015787	1.063479	85.156250	-507.910156
431374.017787	1.196236	85.156250	-507.910156
431374.019787	1.192731	13.120040	0.169650
