crossing time (s)	slope (V/s)	crossing number
281474976710655.000000	13.581164	2542	73113436160.000000
281474976710655.000000	14.079639	2543	73114484736.000000
281474976710655.000000	11.143363	2544	73115516928.000000
281474976710655.000000	11.523050	2545	73116557312.000000
281474976710655.000000	14.785377	2546	73117597696.000000
281474976710655.000000	14.122581	2547	73118646272.000000
281474976710655.000000	10.915133	2548	73119678464.000000
281474976710655.000000	10.584664	2549	73120735232.000000
281474976710655.000000	13.158868	2550	73121759232.000000
281474976710655.000000	15.561244	2551	73122816000.000000
281474976710655.000000	12.446309	2552	73123848192.000000
281474976710655.000000	12.460269	2553	73124896768.000000
281474976710655.000000	11.494642	2554	73125928960.000000
281474976710655.000000	15.285707	2555	73126977536.000000
281474976710655.000000	14.827378	2556	73128017920.000000
281474976710655.000000	14.640826	2557	73129058304.000000
281474976710655.000000	12.794894	2558	73130098688.000000
281474976710655.000000	14.325923	2559	73131139072.000000
281474976710655.000000	14.253615	2560	73132171264.000000
281474976710655.000000	12.813673	2561	73133228032.000000
281474976710655.000000	12.174749	2562	73134252032.000000
281474976710655.000000	12.117905	2563	73135308800.000000
281474976710655.000000	15.445713	2564	73136340992.000000
281474976710655.000000	15.327837	2565	73137389568.000000
281474976710655.000000	15.732107	2566	73138421760.000000
281474976710655.000000	14.639607	2567	73139478528.000000
281474976710655.000000	13.265467	2568	73140502528.000000
281474976710655.000000	12.662649	2569	73141559296.000000
281474976710655.000000	14.198952	2570	73142583296.000000
281474976710655.000000	13.564608	2571	73143640064.000000
281474976710655.000000	15.790943	2572	73144664064.000000
281474976710655.000000	14.431872	2573	73145720832.000000
281474976710655.000000	14.673188	2574	73146753024.000000
281474976710655.000000	13.951369	2575	73147809792.000000
281474976710655.000000	15.430980	2576	73148833792.000000
281474976710655.000000	14.797458	2577	73149882368.000000
281474976710655.000000	14.019032	2578	73150922752.000000
281474976710655.000000	12.908805	2579	73151963136.000000
281474976710655.000000	15.595384	2580	73153003520.000000
281474976710655.000000	13.956669	2581	73154043904.000000
281474976710655.000000	14.042611	2582	73155084288.000000
281474976710655.000000	14.167371	2583	73156132864.000000
281474976710655.000000	15.723399	2584	73157165056.000000
281474976710655.000000	15.693383	2585	73158213632.000000
281474976710655.000000	15.729421	2586	73159245824.000000
281474976710655.000000	15.702760	2587	73160302592.000000
281474976710655.000000	14.495125	2588	73161326592.000000
281474976710655.000000	14.161146	2589	73162383360.000000
281474976710655.000000	14.882510	2590	73163407360.000000
281474976710655.000000	14.804502	2591	73164455936.000000
281474976710655.000000	15.435554	2592	73165496320.000000
281474976710655.000000	15.187441	2593	73166536704.000000
281474976710655.000000	14.909805	2594	73167577088.000000
281474976710655.000000	14.490509	2595	73168617472.000000
281474976710655.000000	15.693253	2596	73169657856.000000
281474976710655.000000	15.693349	2597	73170706432.000000
281474976710655.000000	16.190920	2598	73171738624.000000
281474976710655.000000	15.155538	2599	73172787200.000000
281474976710655.000000	15.741761	2600	73173819392.000000
281474976710655.000000	16.101662	2601	73174867968.000000
281474976710655.000000	16.601460	2602	73175900160.000000
281474976710655.000000	16.739140	2603	73176948736.000000
281474976710655.000000	16.004444	2604	73177980928.000000
281474976710655.000000	16.743301	2605	73179037696.000000
281474976710655.000000	15.350591	2606	73180061696.000000
281474976710655.000000	17.289900	2607	73181118464.000000
281474976710655.000000	15.688481	2608	73182142464.000000
281474976710655.000000	17.679188	2609	73183199232.000000
281474976710655.000000	16.381075	2610	73184231424.000000
281474976710655.000000	17.039223	2611	73185280000.000000
281474976710655.000000	14.950408	2612	73186312192.000000
281474976710655.000000	17.015396	2613	73187360768.000000
281474976710655.000000	15.485708	2614	73188392960.000000
281474976710655.000000	17.820974	2615	73189441536.000000
281474976710655.000000	15.019913	2616	73190473728.000000
281474976710655.000000	16.545095	2617	73191522304.000000
281474976710655.000000	14.562121	2618	73192562688.000000
281474976710655.000000	16.189028	2619	73193603072.000000
281474976710655.000000	15.429082	2620	73194643456.000000
281474976710655.000000	17.327232	2621	73195683840.000000
281474976710655.000000	16.124517	2622	73196724224.000000
281474976710655.000000	17.251400	2623	73197772800.000000
281474976710655.000000	15.660460	2624	73198796800.000000
281474976710655.000000	16.863327	2625	73199853568.000000
281474976710655.000000	16.058130	2626	73200885760.000000
281474976710655.000000	17.632223	2627	73201934336.000000
281474976710655.000000	15.849863	2628	73202966528.000000
281474976710655.000000	17.604324	2629	73204015104.000000
281474976710655.000000	16.327906	2630	73205047296.000000
281474976710655.000000	17.910162	2631	73206095872.000000
281474976710655.000000	16.189539	2632	73207128064.000000
281474976710655.000000	17.300920	2633	73208176640.000000
281474976710655.000000	15.866227	2634	73209208832.000000
281474976710655.000000	17.371571	2635	73210257408.000000
281474976710655.000000	15.588341	2636	73211297792.000000
281474976710655.000000	18.119297	2637	73212338176.000000
281474976710655.000000	15.359124	2638	73213378560.000000
281474976710655.000000	18.602552	2639	73214418944.000000
281474976710655.000000	16.165047	2640	73215459328.000000
281474976710655.000000	18.336016	2641	73216507904.000000
281474976710655.000000	15.663863	2642	73217540096.000000
281474976710655.000000	18.310474	2643	73218588672.000000
281474976710655.000000	15.688766	2644	73219620864.000000
281474976710655.000000	18.552847	2645	73220669440.000000
281474976710655.000000	16.018415	2646	73221701632.000000
281474976710655.000000	18.127115	2647	73222750208.000000
281474976710655.000000	15.976947	2648	73223782400.000000
281474976710655.000000	18.405401	2649	73224830976.000000
281474976710655.000000	16.344860	2650	73225871360.000000
281474976710655.000000	17.704763	2651	73226911744.000000
281474976710655.000000	16.141323	2652	73227952128.000000
281474976710655.000000	18.194370	2653	73228992512.000000
281474976710655.000000	16.459194	2654	73230032896.000000
281474976710655.000000	17.805153	2655	73231073280.000000
281474976710655.000000	16.092306	2656	73232113664.000000
281474976710655.000000	18.159101	2657	73233162240.000000
281474976710655.000000	15.934263	2658	73234194432.000000
281474976710655.000000	17.388130	2659	73235234816.000000
281474976710655.000000	16.268715	2660	73236275200.000000
281474976710655.000000	18.586620	2661	73237323776.000000
281474976710655.000000	16.918541	2662	73238355968.000000
281474976710655.000000	19.147741	2663	73239404544.000000
281474976710655.000000	16.367807	2664	73240436736.000000
281474976710655.000000	17.980797	2665	73241485312.000000
281474976710655.000000	16.976372	2666	73242517504.000000
281474976710655.000000	17.251190	2667	73243574272.000000
281474976710655.000000	16.297585	2668	73244598272.000000
281474976710655.000000	17.761084	2669	73245655040.000000
281474976710655.000000	16.321690	2670	73246687232.000000
281474976710655.000000	18.040981	2671	73247735808.000000
281474976710655.000000	16.580019	2672	73248768000.000000
281474976710655.000000	18.445459	2673	73249808384.000000
281474976710655.000000	18.259890	2674	73250848768.000000
281474976710655.000000	18.111244	2675	73251897344.000000
281474976710655.000000	18.869267	2676	73252929536.000000
281474976710655.000000	17.249657	2677	73253978112.000000
281474976710655.000000	18.586346	2678	73255010304.000000
281474976710655.000000	16.809427	2679	73256058880.000000
281474976710655.000000	18.403656	2680	73257099264.000000
281474976710655.000000	16.773170	2681	73258139648.000000
281474976710655.000000	18.010509	2682	73259180032.000000
281474976710655.000000	17.487255	2683	73260220416.000000
281474976710655.000000	18.374155	2684	73261260800.000000
281474976710655.000000	17.020340	2685	73262301184.000000
281474976710655.000000	19.067907	2686	73263341568.000000
281474976710655.000000	16.819624	2687	73264381952.000000
281474976710655.000000	18.971233	2688	73265422336.000000
281474976710655.000000	17.128828	2689	73266462720.000000
281474976710655.000000	19.387659	2690	73267503104.000000
281474976710655.000000	17.874472	2691	73268543488.000000
281474976710655.000000	18.892445	2692	73269583872.000000
281474976710655.000000	18.066355	2693	73270632448.000000
281474976710655.000000	19.216574	2694	73271664640.000000
281474976710655.000000	17.535334	2695	73272713216.000000
281474976710655.000000	19.873398	2696	73273745408.000000
281474976710655.000000	18.402254	2697	73274793984.000000
281474976710655.000000	18.315117	2698	73275826176.000000
281474976710655.000000	17.409798	2699	73276874752.000000
281474976710655.000000	18.246359	2700	73277906944.000000
281474976710655.000000	17.279179	2701	73278963712.000000
281474976710655.000000	17.842152	2702	73279987712.000000
281474976710655.000000	18.067045	2703	73281044480.000000
281474976710655.000000	18.013432	2704	73282068480.000000
281474976710655.000000	18.514902	2705	73283125248.000000
281474976710655.000000	18.421993	2706	73284149248.000000
281474976710655.000000	19.424404	2707	73285206016.000000
281474976710655.000000	17.328680	2708	73286238208.000000
281474976710655.000000	18.712795	2709	73287286784.000000
281474976710655.000000	17.838989	2710	73288318976.000000
281474976710655.000000	18.678688	2711	73289367552.000000
281474976710655.000000	17.915087	2712	73290399744.000000
281474976710655.000000	18.582666	2713	73291448320.000000
281474976710655.000000	17.607527	2714	73292480512.000000
281474976710655.000000	18.587549	2715	73293529088.000000
281474976710655.000000	17.938440	2716	73294569472.000000
281474976710655.000000	20.114223	2717	73295609856.000000
281474976710655.000000	18.032242	2718	73296650240.000000
281474976710655.000000	20.294512	2719	73297690624.000000
281474976710655.000000	17.659002	2720	73298731008.000000
281474976710655.000000	19.576424	2721	73299771392.000000
281474976710655.000000	17.324308	2722	73300811776.000000
281474976710655.000000	19.689322	2723	73301852160.000000
281474976710655.000000	18.901560	2724	73302892544.000000
281474976710655.000000	19.658751	2725	73303932928.000000
281474976710655.000000	17.460125	2726	73304973312.000000
281474976710655.000000	20.293978	2727	73306013696.000000
281474976710655.000000	17.339842	2728	73307054080.000000
281474976710655.000000	18.889803	2729	73308094464.000000
281474976710655.000000	17.435844	2730	73309134848.000000
281474976710655.000000	19.851501	2731	73310183424.000000
281474976710655.000000	18.702860	2732	73311215616.000000
281474976710655.000000	19.926304	2733	73312264192.000000
281474976710655.000000	18.940760	2734	73313296384.000000
281474976710655.000000	19.210411	2735	73314344960.000000
281474976710655.000000	18.866789	2736	73315377152.000000
281474976710655.000000	20.227221	2737	73316425728.000000
281474976710655.000000	18.867832	2738	73317457920.000000
281474976710655.000000	21.397810	2739	73318506496.000000
281474976710655.000000	20.145428	2740	73319538688.000000
281474976710655.000000	20.496080	2741	73320595456.000000
281474976710655.000000	17.873699	2742	73321619456.000000
281474976710655.000000	19.835251	2743	73322676224.000000
281474976710655.000000	18.875357	2744	73323700224.000000
281474976710655.000000	19.593916	2745	73324756992.000000
281474976710655.000000	18.666365	2746	73325780992.000000
281474976710655.000000	19.610867	2747	73326837760.000000
281474976710655.000000	20.868145	2748	73327869952.000000
281474976710655.000000	19.006130	2749	73328918528.000000
281474976710655.000000	19.647738	2750	73329950720.000000
281474976710655.000000	18.311705	2751	73330999296.000000
281474976710655.000000	20.004843	2752	73332031488.000000
281474976710655.000000	19.086603	2753	73333080064.000000
281474976710655.000000	19.766138	2754	73334112256.000000
281474976710655.000000	18.983719	2755	73335160832.000000
281474976710655.000000	20.651297	2756	73336193024.000000
281474976710655.000000	19.168674	2757	73337241600.000000
281474976710655.000000	20.131832	2758	73338281984.000000
281474976710655.000000	18.873972	2759	73339322368.000000
281474976710655.000000	19.253273	2760	73340362752.000000
281474976710655.000000	20.768015	2761	73341403136.000000
281474976710655.000000	19.133278	2762	73342443520.000000
281474976710655.000000	21.009928	2763	73343483904.000000
281474976710655.000000	18.926779	2764	73344524288.000000
281474976710655.000000	20.868105	2765	73345564672.000000
281474976710655.000000	18.458252	2766	73346605056.000000
281474976710655.000000	22.050108	2767	73347645440.000000
281474976710655.000000	19.059288	2768	73348685824.000000
281474976710655.000000	20.302017	2769	73349726208.000000
281474976710655.000000	19.322277	2770	73350766592.000000
281474976710655.000000	19.766630	2771	73351815168.000000
281474976710655.000000	18.770138	2772	73352847360.000000
281474976710655.000000	19.844883	2773	73353895936.000000
281474976710655.000000	18.867727	2774	73354928128.000000
281474976710655.000000	20.308786	2775	73355976704.000000
281474976710655.000000	19.040089	2776	73357008896.000000
281474976710655.000000	19.899168	2777	73358057472.000000
281474976710655.000000	19.818521	2778	73359089664.000000
281474976710655.000000	20.291685	2779	73360138240.000000
281474976710655.000000	20.254753	2780	73361170432.000000
281474976710655.000000	20.807499	2781	73362219008.000000
281474976710655.000000	19.753668	2782	73363251200.000000
281474976710655.000000	20.593739	2783	73364299776.000000
281474976710655.000000	19.534033	2784	73365331968.000000
281474976710655.000000	21.407349	2785	73366380544.000000
281474976710655.000000	20.112507	2786	73367412736.000000
281474976710655.000000	22.079252	2787	73368461312.000000
281474976710655.000000	19.008894	2788	73369501696.000000
281474976710655.000000	20.006319	2789	73370542080.000000
281474976710655.000000	18.234314	2790	73371582464.000000
281474976710655.000000	19.152102	2791	73372622848.000000
281474976710655.000000	19.849033	2792	73373663232.000000
281474976710655.000000	19.850634	2793	73374711808.000000
281474976710655.000000	20.025354	2794	73375744000.000000
281474976710655.000000	19.683630	2795	73376792576.000000
281474976710655.000000	20.191578	2796	73377824768.000000
281474976710655.000000	19.963018	2797	73378873344.000000
281474976710655.000000	20.132856	2798	73379905536.000000
281474976710655.000000	20.818993	2799	73380954112.000000
281474976710655.000000	19.212477	2800	73381986304.000000
281474976710655.000000	21.088217	2801	73383034880.000000
281474976710655.000000	19.745102	2802	73384067072.000000
281474976710655.000000	21.513554	2803	73385115648.000000
281474976710655.000000	18.832952	2804	73386147840.000000
281474976710655.000000	21.998533	2805	73387196416.000000
281474976710655.000000	18.389925	2806	73388228608.000000
281474976710655.000000	21.877157	2807	73389277184.000000
281474976710655.000000	20.597370	2808	73390309376.000000
281474976710655.000000	21.811592	2809	73391366144.000000
281474976710655.000000	19.426311	2810	73392390144.000000
281474976710655.000000	21.215519	2811	73393446912.000000
281474976710655.000000	19.157885	2812	73394470912.000000
281474976710655.000000	20.690823	2813	73395527680.000000
281474976710655.000000	20.231392	2814	73396551680.000000
281474976710655.000000	19.474585	2815	73397608448.000000
281474976710655.000000	19.644831	2816	73398632448.000000
281474976710655.000000	21.859858	2817	73399689216.000000
281474976710655.000000	19.019264	2818	73400721408.000000
281474976710655.000000	21.805578	2819	73401769984.000000
281474976710655.000000	20.063959	2820	73402802176.000000
281474976710655.000000	20.208780	2821	73403850752.000000
281474976710655.000000	21.486423	2822	73404882944.000000
281474976710655.000000	20.068329	2823	73405931520.000000
281474976710655.000000	20.254129	2824	73406963712.000000
281474976710655.000000	21.223455	2825	73408012288.000000
281474976710655.000000	20.303993	2826	73409044480.000000
281474976710655.000000	20.325769	2827	73410093056.000000
281474976710655.000000	20.260689	2828	73411133440.000000
281474976710655.000000	20.146646	2829	73412173824.000000
281474976710655.000000	21.832556	2830	73413214208.000000
281474976710655.000000	20.462166	2831	73414254592.000000
281474976710655.000000	21.024302	2832	73415294976.000000
281474976710655.000000	20.228558	2833	73416335360.000000
281474976710655.000000	20.640331	2834	73417375744.000000
281474976710655.000000	20.054806	2835	73418416128.000000
281474976710655.000000	21.204165	2836	73419456512.000000
281474976710655.000000	21.781969	2837	73420496896.000000
281474976710655.000000	19.634415	2838	73421537280.000000
281474976710655.000000	19.265280	2839	73422585856.000000
281474976710655.000000	21.365444	2840	73423618048.000000
281474976710655.000000	20.201897	2841	73424666624.000000
281474976710655.000000	21.571423	2842	73425698816.000000
281474976710655.000000	18.633068	2843	73426747392.000000
