time (s)	coil I (A)	last det (V)	int current (uC)
73113.438946	0.290498	136.328125	-393.750000
73113.440949	0.626055	136.328125	-393.750000
73113.442952	0.727312	136.328125	-393.750000
73113.444949	0.724656	7.971218	0.747308
73114.488970	0.541942	295.605469	76.269531
73114.490971	0.724226	295.605469	76.269531
73114.492973	0.723632	7.959954	0.674823
73115.521900	0.647677	142.675781	-384.863281
73115.523902	0.725397	142.675781	-384.863281
73115.525903	0.722938	7.952314	0.930862
73116.561912	0.598865	299.609375	70.996094
73116.563915	0.726126	299.609375	70.996094
73116.565915	0.723715	7.960866	0.768955
73117.601947	2.049907	134.667969	-401.562500
73117.603944	0.725736	134.667969	-401.562500
73117.607942	0.723312	7.956436	0.751629
73118.649952	0.448093	306.347656	69.335937
73118.651954	0.708620	306.347656	69.335937
73118.653954	0.725060	306.347656	69.335937
73118.655955	0.723141	7.954548	0.757273
73119.682472	0.504178	130.078125	-405.566406
73119.684474	0.721157	130.078125	-405.566406
73119.686476	0.724449	130.078125	-405.566406
73119.688474	0.722619	7.948813	0.739640
73120.740508	0.678743	304.394531	70.703125
73120.742509	0.724511	304.394531	70.703125
73120.744509	0.722279	7.945074	0.668433
73121.763068	0.473879	140.820312	-382.617187
73121.765069	0.714736	140.820312	-382.617187
73121.767071	0.723866	140.820312	-382.617187
73121.769071	0.721904	7.940944	0.767296
73122.819066	0.340294	300.781250	71.679687
73122.821070	0.658933	300.781250	71.679687
73122.823067	0.725492	300.781250	71.679687
73122.825069	0.723108	7.954193	0.686449
73123.855087	0.725443	127.539062	-409.765625
73123.859086	0.721384	7.935228	0.856459
73124.903145	0.725397	298.535156	72.558594
73124.905148	0.723672	7.960397	0.634944
73125.933168	0.537861	132.714844	-401.660156
73125.935169	0.723579	132.714844	-401.660156
73125.937170	0.723283	7.956116	0.704082
73126.981625	0.516406	303.222656	71.484375
73126.983622	0.721947	303.222656	71.484375
73126.985623	0.723573	7.959307	0.656748
73128.024591	0.725546	125.781250	-420.410156
73128.026594	0.723067	7.953732	0.736735
73129.062589	1.653265	306.054687	65.527344
73129.064591	0.725061	306.054687	65.527344
73129.066589	0.723978	7.963756	0.681928
73130.102623	0.491884	126.269531	-416.699219
73130.104627	0.718428	126.269531	-416.699219
73130.106628	0.723842	126.269531	-416.699219
73130.108626	0.721879	7.940669	0.649213
73131.142606	0.422693	310.058594	64.550781
73131.144607	0.699225	310.058594	64.550781
73131.146608	0.724362	310.058594	64.550781
73131.150606	0.720849	7.929343	0.704735
73132.174611	0.387739	133.984375	-396.582031
73132.176613	0.684499	133.984375	-396.582031
73132.178614	0.688010	133.984375	-396.582031
73132.180615	0.722910	7.952013	0.785330
73133.231570	0.421050	310.156250	63.476562
73133.233571	0.698567	310.156250	63.476562
73133.235573	0.724289	310.156250	63.476562
73133.237570	0.722230	7.944533	0.694419
73134.255673	0.438467	125.488281	-412.695312
73134.257674	0.704716	125.488281	-412.695312
73134.259674	0.724258	125.488281	-412.695312
73134.261676	0.722197	7.944170	0.750793
73135.311740	0.315861	308.593750	63.867187
73135.313742	0.643150	308.593750	63.867187
73135.315742	0.725386	308.593750	63.867187
73135.317741	0.722995	7.952943	0.667780
73136.349759	0.723307	115.527344	-432.617187
73136.351761	0.721735	7.939083	0.752757
73137.395762	0.723732	308.789062	64.257812
73137.397767	0.723734	7.961070	0.692229
73138.425763	0.500226	122.265625	-417.968750
73138.427766	0.719737	122.265625	-417.968750
73138.429768	0.723651	122.265625	-417.968750
73138.433763	0.720322	7.923547	0.719310
73139.481835	0.380375	308.886719	65.332031
73139.483837	0.681042	308.886719	65.332031
73139.485836	0.684065	308.886719	65.332031
73139.487837	0.723200	7.955204	0.632200
73140.505853	0.384896	121.191406	-420.117187
73140.507856	0.682974	121.191406	-420.117187
73140.509856	0.724821	121.191406	-420.117187
73140.511856	0.722626	7.948884	0.720543
73141.563879	0.596049	308.496094	62.890625
73141.565880	0.726223	308.496094	62.890625
73141.567882	0.723763	7.961390	0.618567
73142.587956	0.606931	120.507812	-420.996094
73142.589957	0.726466	120.507812	-420.996094
73142.591957	0.723986	7.963844	0.749669
73143.644000	0.490568	311.621094	63.183594
73143.646002	0.718540	311.621094	63.183594
73143.648001	0.724258	311.621094	63.183594
73143.650002	0.724165	7.965820	0.658266
73144.668021	0.494606	128.710937	-403.222656
73144.670024	0.718962	128.710937	-403.222656
73144.672033	0.723778	128.710937	-403.222656
73144.674039	0.721878	7.940660	0.737477
73145.726591	0.711235	314.062500	63.281250
73145.728592	0.723942	314.062500	63.281250
73145.730593	0.721865	7.940519	0.667725
73146.758606	0.701683	126.269531	-409.277344
73146.760608	0.724269	126.269531	-409.277344
73146.762610	0.722173	7.943904	0.676547
73147.814630	0.629915	315.039062	59.667969
73147.816631	0.725687	315.039062	59.667969
73147.818632	0.723198	7.955177	0.739860
73148.836660	0.302057	121.875000	-420.214844
73148.838663	0.633608	121.875000	-420.214844
73148.840662	0.725316	121.875000	-420.214844
73148.842661	0.722757	7.950329	0.688200
73149.886767	0.565948	316.601562	60.253906
73149.888771	0.725898	316.601562	60.253906
73149.890771	0.724084	7.964926	0.663131
73150.930807	0.723630	120.996094	-424.218750
73150.932809	0.721720	120.996094	-424.218750
73150.934808	0.720392	7.924309	0.623807
73151.968896	0.711712	313.769531	61.621094
73151.970899	0.724294	313.769531	61.621094
73151.972900	0.722293	7.945225	0.653303
73153.006896	0.394400	122.851562	-421.289062
73153.008897	0.687287	122.851562	-421.289062
73153.010898	0.724414	122.851562	-421.289062
73153.012898	0.722307	7.945375	0.682471
73154.048903	0.649463	312.011719	64.746094
73154.050904	0.724605	312.011719	64.746094
73154.052903	0.722188	7.944063	0.668400
73155.089003	0.614358	124.218750	-412.109375
73155.091004	0.726200	124.218750	-412.109375
73155.093004	0.723681	7.960494	0.738964
73156.137005	0.524355	310.351562	67.382812
73156.139005	0.541724	310.351562	67.382812
73156.141005	0.724512	7.969631	0.606978
73157.167970	0.311044	120.019531	-416.699219
73157.169970	0.639949	120.019531	-416.699219
73157.171972	0.725407	120.019531	-416.699219
73157.173970	0.722934	7.952279	0.689966
73158.218016	0.566653	312.890625	66.992187
73158.220018	0.725038	312.890625	66.992187
73158.222020	0.723305	7.956356	0.647599
73159.250548	0.615902	115.625000	-425.097656
73159.252550	0.725565	115.625000	-425.097656
73159.254551	0.723101	7.954113	0.731643
73160.306592	0.502003	316.601562	63.281250
73160.308593	0.720310	316.601562	63.281250
73160.314591	0.720655	316.601562	63.281250
73160.316594	0.719626	7.915890	0.579321
73161.332588	0.720057	119.042969	-420.312500
73161.334589	0.723750	119.042969	-420.312500
73161.336588	0.721822	7.940040	0.666419
73162.387160	0.468797	318.750000	56.933594
73162.389160	0.713685	318.750000	56.933594
73162.391159	0.715115	318.750000	56.933594
73162.393161	0.722227	7.944498	0.621041
73163.413207	0.714042	115.234375	-429.492187
73163.415209	0.723626	115.234375	-429.492187
73163.417210	0.721663	7.938294	0.667579
73164.461270	0.683276	319.042969	56.445312
73164.463271	0.724817	319.042969	56.445312
73164.465272	0.722655	7.949203	0.997826
73165.501295	1.787449	126.171875	-409.277344
73165.503296	0.725132	126.171875	-409.277344
73165.505296	0.722672	7.949390	0.822445
73166.541318	0.599319	318.261719	60.644531
73166.543321	0.726043	318.261719	60.644531
73166.545320	0.723570	7.959271	0.665177
73167.583400	0.724972	116.210937	-428.808594
73167.585402	0.723738	7.961123	0.658219
73168.621405	0.488953	315.722656	62.402344
73168.623408	0.717859	315.722656	62.402344
73168.625408	0.723701	315.722656	62.402344
73168.627408	0.721760	7.939358	0.643934
73169.661434	0.427615	120.800781	-413.476562
73169.663435	0.700705	120.800781	-413.476562
73169.669432	0.720354	120.800781	-413.476562
73169.671436	0.719319	7.912505	0.664521
73170.709512	0.338272	313.769531	61.718750
73170.711510	0.657338	313.769531	61.718750
73170.713513	0.724957	313.769531	61.718750
73170.715511	0.722553	7.948078	0.596808
73171.743580	2.235797	128.710937	-391.796875
73171.745580	0.725315	128.710937	-391.796875
73171.747579	0.722816	7.950976	0.836368
73172.791582	0.564463	313.378906	61.328125
73172.793584	0.725269	313.378906	61.328125
73172.795585	0.723621	7.959830	0.603150
73173.823583	0.769414	124.218750	-399.511719
73173.825585	0.723625	124.218750	-399.511719
73173.827585	0.723531	7.958837	0.681778
73174.872116	0.524867	316.894531	64.355469
73174.874121	0.722860	316.894531	64.355469
73174.876120	0.723589	7.959475	0.638044
73175.904672	0.584967	117.871094	-412.402344
73175.906674	0.726665	117.871094	-412.402344
73175.908674	0.724345	7.967797	0.662416
73176.952748	0.501378	319.433594	65.136719
73176.954750	0.720289	319.433594	65.136719
73176.956750	0.723863	319.433594	65.136719
73176.958750	0.721990	7.941893	0.656924
73177.985745	0.628884	124.023437	-398.730469
73177.987745	0.725487	124.023437	-398.730469
73177.989746	0.722925	7.952172	0.687077
73179.042280	0.596722	318.652344	61.328125
73179.044280	0.726112	318.652344	61.328125
73179.046280	0.723735	7.961088	0.586808
73180.064833	0.352215	120.996094	-403.515625
73180.066834	0.665462	120.996094	-403.515625
73180.068835	0.724702	120.996094	-403.515625
73180.070835	0.722388	7.946270	0.688283
73181.123399	0.642949	317.871094	59.472656
73181.125400	0.725791	317.871094	59.472656
73181.127400	0.723311	7.956418	0.769116
73182.147431	0.646835	121.875000	-401.660156
73182.149430	0.725049	121.875000	-401.660156
73182.151429	0.722546	7.948007	0.708121
73183.201994	0.283788	319.824219	60.742187
73183.203995	0.620555	319.824219	60.742187
73183.205997	0.726068	319.824219	60.742187
73183.207997	0.723553	7.959085	0.601124
73184.236029	0.599830	120.312500	-403.515625
73184.238031	0.725860	120.312500	-403.515625
73184.240031	0.723460	7.958057	0.632182
73185.284069	0.508861	321.289062	62.695312
73185.286069	0.721384	321.289062	62.695312
73185.288068	0.723386	321.289062	62.695312
73185.290070	0.721509	7.936602	0.595116
73186.316032	0.474398	122.558594	-397.070312
73186.318033	0.714756	122.558594	-397.070312
73186.320034	0.723899	122.558594	-397.070312
73186.322033	0.721916	7.941077	0.641744
73187.364090	0.384328	317.968750	59.667969
73187.366092	0.682679	317.968750	59.667969
73187.368091	0.724731	317.968750	59.667969
73187.370090	0.722613	7.948743	0.605226
73188.398151	0.671415	123.632812	-394.726562
73188.400153	0.724809	123.632812	-394.726562
73188.402153	0.722520	7.947715	0.657151
73189.444708	0.359293	319.238281	59.375000
73189.446708	0.669726	319.238281	59.375000
73189.448709	0.725071	319.238281	59.375000
73189.450708	0.722796	7.950754	0.604565
73190.476782	0.336274	126.269531	-391.406250
73190.478785	0.655858	126.269531	-391.406250
73190.480786	0.724456	126.269531	-391.406250
73190.482784	0.722055	7.942610	0.685563
73191.527339	0.653812	319.433594	57.714844
73191.529344	0.724866	319.433594	57.714844
73191.531348	0.722474	7.947210	0.623064
73192.567349	0.606217	115.429687	-419.140625
73192.569351	0.725526	115.429687	-419.140625
73192.571352	0.723065	7.953714	0.649134
73193.607406	0.556402	323.828125	57.519531
73193.609409	0.724630	323.828125	57.519531
73193.611409	0.723253	7.955789	0.601672
73194.649525	0.721782	112.500000	-429.296875
73194.651527	0.724035	112.500000	-429.296875
73194.653525	0.722154	7.943692	0.617057
73195.687619	0.462892	327.343750	54.101562
73195.689623	0.711969	327.343750	54.101562
73195.691624	0.713489	327.343750	54.101562
73195.693622	0.721918	7.941094	0.624984
73196.729635	0.689928	110.644531	-432.714844
73196.731639	0.724678	110.644531	-432.714844
73196.733637	0.722567	7.948238	0.620368
73197.777635	1.101029	328.320312	50.585937
73197.779636	0.725116	328.320312	50.585937
73197.781638	0.722617	7.948787	0.588899
73198.800101	0.379606	112.890625	-421.777344
73198.802101	0.680109	112.890625	-421.777344
73198.804102	0.724309	112.890625	-421.777344
73198.806101	0.722129	7.943417	0.667809
73199.858172	0.598400	328.906250	51.269531
73199.860174	0.725141	328.906250	51.269531
73199.862175	0.722724	7.949965	0.610306
73200.890689	0.481991	111.035156	-422.949219
73200.892690	0.725037	111.035156	-422.949219
73200.894693	0.724910	7.974010	0.611853
73201.937280	0.316458	331.152344	57.128906
73201.939283	0.643477	331.152344	57.128906
73201.941283	0.725176	331.152344	57.128906
73201.943283	0.722624	7.948867	0.629323
73202.971325	0.624770	102.929687	-436.328125
73202.973328	0.725669	102.929687	-436.328125
73202.975328	0.723139	7.954530	0.717921
73204.019351	0.541642	327.929687	59.667969
73204.021353	0.723934	327.929687	59.667969
73204.023353	0.723324	7.956559	0.592241
73205.051400	0.518191	108.886719	-420.800781
73205.053402	0.722748	108.886719	-420.800781
73205.055402	0.724201	7.966210	0.635888
73206.101485	0.703584	323.242187	56.542969
73206.103487	0.724603	323.242187	56.542969
73206.105486	0.722595	7.948548	0.592829
73207.133950	0.715974	121.093750	-392.382812
73207.135951	0.723699	121.093750	-392.382812
73207.137951	0.721732	7.939048	0.649836
73208.180463	0.469509	327.734375	58.496094
73208.182463	0.713309	327.734375	58.496094
73208.184463	0.723411	327.734375	58.496094
73208.186463	0.721400	7.935405	0.578325
73209.217426	0.723064	122.949219	-391.699219
73209.219427	0.721367	7.935033	0.670772
73210.262007	0.598482	330.371094	57.519531
73210.264007	0.725733	330.371094	57.519531
73210.266008	0.723350	7.956852	0.593473
73211.302073	0.548656	112.011719	-421.093750
73211.304075	0.724079	112.011719	-421.093750
73211.306076	0.722979	7.952766	0.605575
73212.344081	0.716882	330.664062	53.125000
73212.346083	0.723214	330.664062	53.125000
73212.348085	0.721202	7.933225	0.604116
73213.382115	0.425346	112.109375	-422.070312
73213.384115	0.699756	112.109375	-422.070312
73213.386115	0.723745	112.109375	-422.070312
73213.388114	0.721694	7.938631	0.611620
73214.422178	0.368734	331.347656	51.269531
73214.424180	0.674485	331.347656	51.269531
73214.426182	0.724374	331.347656	51.269531
73214.430179	0.720541	7.925949	0.636075
73215.464302	0.647213	105.175781	-435.937500
73215.466304	0.724986	105.175781	-435.937500
73215.468304	0.722563	7.948194	0.791426
73216.516398	0.723913	333.886719	50.097656
73216.518400	0.722279	7.945074	0.557267
73217.545005	0.640028	115.234375	-412.109375
73217.547006	0.725051	115.234375	-412.109375
73217.549007	0.722529	7.947821	0.618096
73218.593523	0.631929	333.691406	48.828125
73218.595526	0.725294	333.691406	48.828125
73218.597526	0.722681	7.949488	0.581646
73219.623540	0.270391	112.988281	-415.722656
73219.627540	0.726343	112.988281	-415.722656
73219.629544	0.723765	112.988281	-415.722656
73219.631543	0.722188	7.944063	0.624182
73220.674103	0.608296	339.062500	50.878906
73220.676106	0.725354	339.062500	50.878906
73220.678105	0.722899	7.951889	0.602439
73221.710131	0.723121	103.125000	-439.062500
73221.712133	0.721364	7.935006	0.611478
73222.754205	0.502794	337.792969	49.414062
73222.756210	0.720007	337.792969	49.414062
73222.758208	0.723435	337.792969	49.414062
73222.760207	0.723357	7.956932	0.589895
73223.786199	0.468105	115.527344	-407.226562
73223.788202	0.713186	115.527344	-407.226562
73223.790200	0.723694	115.527344	-407.226562
73223.792201	0.721617	7.937789	0.639297
73224.837149	0.723473	335.449219	47.753906
73224.839151	0.723605	7.959652	0.586553
73225.875179	0.470043	101.562500	-439.648437
73225.877182	0.713770	101.562500	-439.648437
73225.879180	0.723980	101.562500	-439.648437
73225.881181	0.722066	7.942725	0.571750
73226.917148	0.688462	338.867187	49.804687
73226.919152	0.724013	338.867187	49.804687
73226.921150	0.721821	7.940031	0.596287
73227.955716	0.429974	108.398437	-423.925781
73227.957718	0.701602	108.398437	-423.925781
73227.959718	0.723980	108.398437	-423.925781
73227.961718	0.721859	7.940447	0.576848
73228.995714	0.362048	337.304687	50.000000
73228.997718	0.670657	337.304687	50.000000
73228.999720	0.724123	337.304687	50.000000
73229.003722	0.720095	7.921048	0.604174
73230.035755	0.299572	107.421875	-425.292969
73230.037755	0.631875	107.421875	-425.292969
73230.039757	0.725273	107.421875	-425.292969
73230.041757	0.722715	7.949869	0.599694
73231.077774	0.581789	336.621094	51.660156
73231.079775	0.725859	336.621094	51.660156
73231.083774	0.721953	7.941484	0.595836
73232.117809	0.526058	110.839844	-414.160156
73232.119811	0.723121	110.839844	-414.160156
73232.121810	0.723694	7.960636	0.600306
73233.165873	0.437534	333.398437	51.074219
73233.167872	0.704175	333.398437	51.074219
73233.169873	0.706046	333.398437	51.074219
73233.171873	0.721652	7.938170	0.526590
73234.199913	0.694820	116.210937	-396.582031
73234.201912	0.724647	116.210937	-396.582031
73234.205912	0.721106	7.932161	0.641032
73235.242449	0.723674	336.230469	54.785156
73235.244450	0.721529	7.936814	0.608809
73236.278992	0.464886	111.718750	-400.976562
73236.280994	0.712419	111.718750	-400.976562
73236.282993	0.723778	111.718750	-400.976562
73236.284994	0.721784	7.939623	0.622233
73237.329033	0.676248	334.863281	54.785156
73237.333034	0.722188	334.863281	54.785156
73237.335035	0.720586	7.926445	0.548649
73238.359610	0.438809	116.601562	-385.351562
73238.361613	0.704457	116.601562	-385.351562
73238.363613	0.723667	116.601562	-385.351562
73238.365612	0.721557	7.937125	0.607055
73239.407625	0.340709	337.011719	55.957031
73239.409627	0.658585	337.011719	55.957031
73239.411627	0.724573	337.011719	55.957031
73239.413627	0.722192	7.944108	0.583724
73240.439701	2.155563	105.859375	-409.375000
73240.441702	0.645694	105.859375	-409.375000
73240.443702	0.724697	105.859375	-409.375000
73240.445704	0.722154	7.943692	0.614249
73241.491702	0.725304	340.429687	54.492187
73241.493702	0.723592	7.959510	0.576100
73242.522277	0.621570	104.492187	-413.769531
73242.524278	0.726288	104.492187	-413.769531
73242.526275	0.723768	7.961451	0.684285
73243.578291	0.502103	337.597656	47.851562
73243.580292	0.719827	337.597656	47.851562
73243.582291	0.723448	337.597656	47.851562
73243.584293	0.721506	7.936566	0.537642
73244.602343	0.508301	102.050781	-423.925781
73244.604344	0.721267	102.050781	-423.925781
73244.606344	0.723322	102.050781	-423.925781
73244.608346	0.721384	7.935228	0.607562
73245.658340	0.379199	341.601562	46.679687
73245.660343	0.679904	341.601562	46.679687
73245.662344	0.724601	341.601562	46.679687
73245.664343	0.722358	7.945942	0.541934
73246.692370	0.664927	102.441406	-425.000000
73246.694373	0.724366	102.441406	-425.000000
73246.696376	0.721964	7.941600	0.540102
73247.738924	0.347851	340.722656	45.117187
73247.740927	0.663008	340.722656	45.117187
73247.742926	0.724878	340.722656	45.117187
73247.746926	0.720937	7.930309	0.550309
73248.772955	0.645103	108.203125	-412.402344
73248.776963	0.722089	108.203125	-412.402344
73248.778964	0.720354	7.923893	0.551969
73249.811913	0.420329	346.386719	48.632812
73249.813915	0.697884	346.386719	48.632812
73249.815912	0.723854	346.386719	48.632812
73249.817914	0.721705	7.938755	0.600506
73250.855948	0.724085	101.269531	-429.492187
73250.857948	0.721692	101.269531	-429.492187
73250.859949	0.720103	7.921128	0.584408
73251.904001	0.725836	341.503906	48.144531
73251.906003	0.723396	7.957356	0.556603
73252.934526	0.648691	103.906250	-419.824219
73252.936530	0.725062	103.906250	-419.824219
73252.938529	0.722703	7.949736	0.605426
73253.982571	0.574642	340.332031	49.316406
73253.984573	0.725341	340.332031	49.316406
73253.986573	0.723311	7.956418	0.513865
73255.014589	0.547446	115.527344	-389.648437
73255.016591	0.724168	115.527344	-389.648437
73255.018592	0.723308	7.956391	0.624402
73256.063570	0.611422	341.992187	51.367187
73256.065570	0.725682	341.992187	51.367187
73256.067571	0.723238	7.955620	0.524480
73257.104138	0.634763	103.320312	-413.378906
73257.106140	0.725185	103.320312	-413.378906
73257.108141	0.722661	7.949275	0.688212
73258.146158	0.725340	335.644531	48.437500
73258.148159	0.723156	7.954716	0.513803
73259.188172	0.724103	100.488281	-416.894531
73259.190174	0.722250	7.944755	0.539629
73260.224234	0.470325	337.500000	49.121094
73260.226239	0.713361	337.500000	49.121094
73260.228239	0.723398	337.500000	49.121094
73260.230240	0.721343	7.934776	0.530973
73261.264251	0.406704	103.710937	-406.445312
73261.266252	0.692876	103.710937	-406.445312
73261.268252	0.724635	103.710937	-406.445312
73261.272250	0.721002	7.931027	0.556930
73262.304322	0.351813	338.574219	49.511719
73262.306323	0.665216	338.574219	49.511719
73262.308324	0.724708	338.574219	49.511719
73262.310323	0.722399	7.946394	0.541500
73263.344339	0.284291	102.343750	-408.789062
73263.346340	0.620804	102.343750	-408.789062
73263.348340	0.725667	102.343750	-408.789062
73263.352339	0.721509	7.936602	0.569041
73264.386358	0.568264	340.234375	49.414062
73264.388359	0.725493	340.234375	49.414062
73264.390359	0.723654	7.960193	0.536218
73265.426403	0.506969	102.050781	-409.277344
73265.428405	0.720812	102.050781	-409.277344
73265.430405	0.723073	102.050781	-409.277344
73265.432405	0.721133	7.932463	0.562118
73266.466415	0.449398	341.601562	48.925781
73266.468416	0.707937	341.601562	48.925781
73266.470418	0.723796	341.601562	48.925781
73266.472416	0.721719	7.938905	0.554342
73267.506460	0.390699	104.980469	-403.613281
73267.508462	0.685640	104.980469	-403.613281
73267.510462	0.724659	104.980469	-403.613281
73267.512462	0.722547	7.948016	0.574135
73268.546600	0.347035	342.578125	47.558594
73268.548603	0.662164	342.578125	47.558594
73268.550605	0.724114	342.578125	47.558594
73268.552605	0.721753	7.939287	0.566957
73269.590657	0.725663	100.585937	-416.210937
73269.592658	0.723161	7.954770	0.671165
73270.636675	0.540182	345.117187	46.777344
73270.638678	0.723865	345.117187	46.777344
73270.640677	0.723372	7.957091	0.502740
73271.671244	0.725711	104.492187	-408.886719
73271.673246	0.723415	104.492187	-408.886719
73271.675246	0.721777	7.939552	0.584679
73272.717322	0.518288	346.777344	44.726562
73272.719323	0.721722	346.777344	44.726562
73272.721322	0.723036	7.953395	0.503731
73273.751385	0.719240	97.363281	-424.804687
73273.753388	0.723456	97.363281	-424.804687
73273.755390	0.721533	7.936858	0.565709
73274.797388	0.398179	353.027344	44.921875
73274.799389	0.688771	353.027344	44.921875
73274.801389	0.724235	353.027344	44.921875
73274.803391	0.722067	7.942734	0.546085
73275.829418	0.369600	98.535156	-418.652344
73275.831421	0.674802	98.535156	-418.652344
73275.833419	0.724259	98.535156	-418.652344
73275.835420	0.724111	7.965227	0.566176
73276.877457	0.275266	353.125000	44.726562
73276.881457	0.725930	353.125000	44.726562
73276.883460	0.723390	353.125000	44.726562
73276.887458	0.720476	7.925241	0.554960
73277.911526	0.596636	102.929687	-404.492187
73277.913529	0.725078	102.929687	-404.492187
73277.915529	0.722716	7.949877	0.559553
73278.968438	0.615309	346.484375	43.359375
73278.970439	0.725235	346.484375	43.359375
73278.972440	0.722718	7.949895	0.486064
73279.992434	0.614388	97.656250	-411.425781
73279.994435	0.725890	97.656250	-411.425781
73279.996438	0.723317	7.956489	0.628283
73281.048447	0.494185	347.363281	45.410156
73281.050450	0.718345	347.363281	45.410156
73281.052447	0.723164	347.363281	45.410156
73281.054449	0.721182	7.933003	0.487241
73282.072485	0.501641	98.437500	-403.906250
73282.074487	0.719969	98.437500	-403.906250
73282.076488	0.723511	98.437500	-403.906250
73282.078489	0.721557	7.937125	0.580384
73283.130515	0.676744	341.992187	46.093750
73283.132517	0.724971	341.992187	46.093750
73283.134517	0.722774	7.950515	0.861405
73284.152533	0.377398	103.613281	-386.132812
73284.154535	0.678890	103.613281	-386.132812
73284.156537	0.724239	103.613281	-386.132812
73284.158535	0.722033	7.942362	0.590613
73285.210585	0.593498	343.847656	47.851562
73285.212587	0.724863	343.847656	47.851562
73285.214588	0.722502	7.947520	0.485135
73286.242603	0.567755	107.128906	-376.367187
73286.246606	0.723486	107.128906	-376.367187
73286.248606	0.721682	7.938498	0.517498
73287.290600	0.468624	340.820312	47.070312
73287.292602	0.479630	340.820312	47.070312
73287.298601	0.719826	340.820312	47.070312
73287.300610	0.718894	7.907835	0.500813
73288.320114	2.779978	106.152344	-378.710937
73288.325452	0.725173	106.152344	-378.710937
73288.327454	0.723022	7.953245	0.542045
73289.371997	0.573532	341.113281	45.996094
73289.375997	0.723016	341.113281	45.996094
73289.379997	0.719986	7.919843	0.475549
73290.404022	0.545840	108.105469	-375.292969
73290.408021	0.723308	108.105469	-375.292969
73290.410022	0.721492	7.936407	0.572150
73291.454567	0.723208	341.894531	45.605469
73291.456568	0.722640	341.894531	45.605469
73291.458569	0.720716	7.927872	0.492080
73292.485038	0.586983	105.664062	-382.714844
73292.487041	0.725982	105.664062	-382.714844
73292.489041	0.723711	7.960823	0.563249
73293.535171	0.721356	348.339844	46.484375
73293.537172	0.723072	348.339844	46.484375
73293.539173	0.721162	7.932782	0.477477
73294.573707	0.539797	100.976562	-394.726562
73294.575708	0.724053	100.976562	-394.726562
73294.577708	0.723506	7.958562	0.498469
73295.613780	0.487503	349.902344	45.507812
73295.615780	0.717143	349.902344	45.507812
73295.617780	0.723272	349.902344	45.507812
73295.619781	0.721255	7.933801	0.489144
73296.653886	0.440635	107.812500	-379.980469
73296.655886	0.705186	107.812500	-379.980469
73296.657888	0.723817	107.812500	-379.980469
73296.659887	0.721733	7.939065	0.509826
73297.693907	0.377624	351.855469	45.507812
73297.695909	0.678659	351.855469	45.507812
73297.697909	0.723733	351.855469	45.507812
73297.699909	0.721436	7.935795	0.505029
73298.733928	0.312265	98.925781	-400.683594
73298.735932	0.640591	98.925781	-400.683594
73298.737931	0.725314	98.925781	-400.683594
73298.739932	0.722806	7.950861	0.526103
73299.775937	0.587954	350.097656	44.921875
73299.777940	0.725320	350.097656	44.921875
73299.781939	0.721278	7.934058	0.489274
73300.817975	0.723208	95.996094	-406.640625
73300.819977	0.723134	7.954476	0.506321
73301.855968	0.468765	350.781250	44.824219
73301.857971	0.713061	350.781250	44.824219
73301.861969	0.721356	350.781250	44.824219
73301.863971	0.719964	7.919604	0.514358
73302.895997	0.408146	101.660156	-391.796875
73302.897997	0.693009	101.660156	-391.796875
73302.899998	0.723942	101.660156	-391.796875
73302.901998	0.721695	7.938648	0.526666
73303.936008	0.342424	351.562500	44.824219
73303.938010	0.659587	351.562500	44.824219
73303.940011	0.724342	351.562500	44.824219
73303.942010	0.721873	7.940608	0.526845
73304.978094	0.623787	97.167969	-398.925781
73304.980098	0.725598	97.167969	-398.925781
73304.982096	0.723120	7.954317	0.534559
73306.016576	0.306646	357.421875	47.070312
73306.018578	0.636673	357.421875	47.070312
73306.020580	0.725155	357.421875	47.070312
73306.022580	0.722547	7.948016	0.542764
73307.058662	0.596073	103.320312	-382.128906
73307.060662	0.725034	103.320312	-382.128906
73307.062663	0.722633	7.948964	0.534441
73308.100649	0.723123	354.882812	46.093750
73308.102649	0.723073	7.953803	0.527751
73309.139185	0.557972	104.296875	-374.609375
73309.141186	0.724642	104.296875	-374.609375
73309.143187	0.723179	7.954973	0.534576
73310.187191	0.460617	352.929687	46.191406
73310.191191	0.723660	352.929687	46.191406
73310.193192	0.721790	352.929687	46.191406
73310.195195	0.720337	7.923707	0.480683
73311.219724	0.520167	99.414062	-381.835937
73311.221723	0.722841	99.414062	-381.835937
73311.223723	0.724095	7.965049	0.540684
73312.267754	0.426152	354.882812	47.363281
73312.269755	0.699925	354.882812	47.363281
73312.271756	0.723569	354.882812	47.363281
73312.275755	0.719875	7.918620	0.470608
73313.299734	0.388810	97.265625	-383.203125
73313.301734	0.396482	97.265625	-383.203125
73313.303736	0.724299	97.265625	-383.203125
73313.305737	0.722118	7.943302	0.548172
73314.347825	0.303250	352.148437	46.582031
73314.349829	0.634314	352.148437	46.582031
73314.351831	0.725105	352.148437	46.582031
73314.353829	0.722583	7.948415	0.497544
73315.383839	0.725944	96.191406	-382.421875
73315.385837	0.723383	96.191406	-382.421875
73315.387840	0.721788	7.939668	0.604720
73316.429915	0.532654	356.250000	47.753906
73316.431917	0.723382	356.250000	47.753906
73316.433917	0.723438	7.957818	0.506034
73317.462545	0.602605	99.316406	-373.242187
73317.464549	0.725628	99.316406	-373.242187
73317.466549	0.723152	7.954672	0.567117
73318.510578	0.513333	350.976562	44.335937
73318.512581	0.721857	350.976562	44.335937
73318.514582	0.723631	7.959936	0.520856
73319.544583	0.716616	99.511719	-373.730469
73319.546585	0.723356	99.511719	-373.730469
73319.548584	0.721334	7.934679	0.538852
73320.601205	0.710815	357.421875	44.531250
73320.603205	0.723481	357.421875	44.531250
73320.605208	0.721417	7.935583	0.455559
73321.623760	0.551615	96.289062	-384.472656
73321.625762	0.557649	96.289062	-384.472656
73321.627761	0.722702	7.949726	0.534516
73322.679850	0.437045	356.738281	41.699219
73322.681852	0.703873	356.738281	41.699219
73322.683850	0.723734	356.738281	41.699219
73322.685850	0.721608	7.937683	0.471747
73323.705882	0.705491	97.656250	-384.960937
73323.707884	0.723562	97.656250	-384.960937
73323.709884	0.721543	7.936974	0.539689
73324.760460	0.408580	356.542969	39.550781
73324.762463	0.693483	356.542969	39.550781
73324.764464	0.724373	356.542969	39.550781
73324.766462	0.722300	7.945295	0.485040
73325.784509	0.417998	95.898437	-391.503906
73325.786510	0.696679	95.898437	-391.503906
73325.788512	0.723413	95.898437	-391.503906
73325.790511	0.721216	7.933375	0.553889
73326.842541	0.623532	364.941406	40.429687
73326.844542	0.725236	364.941406	40.429687
73326.846542	0.722678	7.949461	0.472404
73327.873064	0.345818	92.871094	-400.292969
73327.875064	0.661660	92.871094	-400.292969
73327.877064	0.724619	92.871094	-400.292969
73327.879063	0.722233	7.944560	0.492658
73328.923104	0.595045	364.160156	39.843750
73328.925105	0.726368	364.160156	39.843750
73328.927105	0.724003	7.964031	0.453685
73329.954064	0.388548	92.285156	-401.757812
73329.956066	0.684329	92.285156	-401.757812
73329.958065	0.724145	92.285156	-401.757812
73329.960066	0.721988	7.941865	0.505286
73331.004076	0.623442	363.183594	40.039062
73331.006079	0.724620	363.183594	40.039062
73331.008078	0.722000	7.941998	0.461551
73332.034630	0.351803	96.191406	-391.601562
73332.036632	0.664990	96.191406	-391.601562
73332.038632	0.724346	96.191406	-391.601562
73332.040633	0.721968	7.941644	0.519664
73333.084673	0.600216	364.648437	41.992187
73333.086676	0.725518	364.648437	41.992187
73333.088675	0.723117	7.954282	0.472457
73334.116734	0.580359	107.421875	-364.160156
73334.118736	0.725716	107.421875	-364.160156
73334.120734	0.723572	7.959289	0.544981
73335.163700	0.304711	362.597656	41.796875
73335.165704	0.635239	362.597656	41.796875
73335.167704	0.724832	362.597656	41.796875
73335.169703	0.722321	7.945535	0.464628
73336.196303	0.377027	105.957031	-365.234375
73336.198304	0.678656	105.957031	-365.234375
73336.200304	0.724356	105.957031	-365.234375
73336.202304	0.722094	7.943035	0.548935
73337.245284	0.444481	355.468750	39.941406
73337.247288	0.706126	355.468750	39.941406
73337.249289	0.723445	355.468750	39.941406
73337.251288	0.721392	7.935316	0.480968
73338.285380	0.396319	93.457031	-390.136719
73338.287383	0.687699	93.457031	-390.136719
73338.289383	0.723771	93.457031	-390.136719
73338.291382	0.721564	7.937204	0.487806
73339.327389	0.652690	356.347656	40.917969
73339.329391	0.724594	356.347656	40.917969
73339.331391	0.722136	7.943496	0.493340
73340.369429	0.725953	93.652344	-386.816406
73340.371431	0.723534	93.652344	-386.816406
73340.373432	0.721906	7.940961	0.509192
73341.407468	0.557442	357.324219	40.429687
73341.409471	0.725677	357.324219	40.429687
73341.411471	0.724257	7.966822	0.476047
73342.447489	0.496574	95.312500	-381.933594
73342.449493	0.719298	95.312500	-381.933594
73342.451491	0.723821	95.312500	-381.933594
73342.453492	0.721939	7.941325	0.478501
73343.487543	0.440655	360.058594	40.722656
73343.489544	0.705317	360.058594	40.722656
73343.491545	0.723957	360.058594	40.722656
73343.493546	0.721886	7.940749	0.477689
73344.529560	0.678754	94.335937	-384.472656
73344.531562	0.724172	94.335937	-384.472656
73344.533562	0.721856	7.940421	0.495506
73345.569550	0.636052	360.058594	39.355469
73345.573552	0.721798	360.058594	39.355469
73345.575553	0.720115	7.921261	0.647549
73346.611643	0.725224	92.285156	-389.257812
73346.613648	0.722875	7.951623	0.487450
73347.649665	0.537754	363.964844	39.257812
73347.651667	0.723336	363.964844	39.257812
73347.653667	0.722927	7.952199	0.490658
73348.689720	0.482278	92.480469	-388.867187
73348.691724	0.716228	92.480469	-388.867187
73348.693722	0.723423	92.480469	-388.867187
73348.695721	0.721364	7.935006	0.495506
73349.729724	0.417102	367.578125	38.671875
73349.731726	0.696557	367.578125	38.671875
73349.733726	0.723675	367.578125	38.671875
73349.735727	0.721500	7.936504	0.505004
73350.769734	0.350571	91.210937	-390.527344
73350.771736	0.664163	91.210937	-390.527344
73350.773735	0.724178	91.210937	-390.527344
73350.775739	0.721843	7.940270	0.488952
73351.819751	0.595136	369.433594	38.378906
73351.821752	0.600689	369.433594	38.378906
73351.823751	0.723083	7.953918	0.451924
73352.850734	0.392642	89.062500	-392.968750
73352.852736	0.686010	89.062500	-392.968750
73352.854737	0.723800	89.062500	-392.968750
73352.856736	0.721591	7.937496	0.481602
73353.900750	0.627823	369.628906	38.281250
73353.902753	0.725982	369.628906	38.281250
73353.904752	0.723457	7.958031	0.471196
73354.933250	0.662170	85.839844	-396.875000
73354.935251	0.724076	85.839844	-396.875000
73354.937251	0.721608	7.937692	0.478050
73355.979705	0.325237	369.628906	38.867187
73355.981705	0.648728	369.628906	38.867187
73355.983708	0.724172	369.628906	38.867187
73355.985707	0.721651	7.938161	0.481854
73357.013746	0.631088	86.132812	-389.160156
73357.015748	0.725007	86.132812	-389.160156
73357.017749	0.722507	7.947582	0.480300
73358.061776	0.551775	372.070312	40.917969
73358.063776	0.724066	372.070312	40.917969
73358.065777	0.722883	7.951712	0.473265
73359.092752	0.342475	88.769531	-377.246094
73359.094754	0.659675	88.769531	-377.246094
73359.096756	0.724472	88.769531	-377.246094
73359.098754	0.722034	7.942371	0.494448
73360.142827	0.595602	369.628906	42.187500
73360.144829	0.725023	369.628906	42.187500
73360.146829	0.722723	7.949957	0.482940
73361.177413	0.724763	89.843750	-368.652344
73361.179415	0.722275	7.945021	0.720141
73362.223446	0.572193	366.894531	42.675781
73362.225447	0.725171	366.894531	42.675781
73362.227446	0.723202	7.955221	0.485134
73363.257461	0.723707	89.453125	-363.964844
73363.259463	0.722998	7.952979	0.503664
73364.303470	0.448919	368.945312	44.628906
73364.305470	0.707522	368.945312	44.628906
73364.307471	0.723326	368.945312	44.628906
73364.313468	0.718824	7.907063	0.489130
73365.336057	0.516262	101.953125	-334.570312
73365.338058	0.721384	101.953125	-334.570312
73365.340058	0.722916	7.952075	0.515975
73366.385038	0.581250	362.695312	42.578125
73366.387041	0.587763	362.695312	42.578125
73366.389042	0.723620	7.959821	0.483311
73367.417071	0.557133	95.703125	-345.800781
73367.419070	0.723846	95.703125	-345.800781
73367.421072	0.722429	7.946713	0.534901
73368.467081	0.710688	370.214844	44.433594
73368.469083	0.723402	370.214844	44.433594
73368.471083	0.721272	7.933996	0.498174
73369.506004	0.551759	95.703125	-345.898437
73369.508005	0.724115	95.703125	-345.898437
73369.510004	0.722971	7.952686	0.464541
73370.546056	0.498320	366.308594	42.773437
73370.548060	0.719076	366.308594	42.773437
73370.550065	0.723237	366.308594	42.773437
73370.552066	0.721326	7.934590	0.478742
73371.588091	0.704364	95.898437	-345.214844
73371.590093	0.723707	95.898437	-345.214844
73371.592092	0.721609	7.937700	0.477908
73372.626112	0.374150	366.406250	42.871094
73372.628114	0.676904	366.406250	42.871094
73372.630114	0.723771	366.406250	42.871094
73372.632114	0.721397	7.935369	0.487862
73373.666110	0.304302	95.703125	-344.433594
73373.668112	0.634900	95.703125	-344.433594
73373.670111	0.724696	95.703125	-344.433594
73373.672111	0.722144	7.943585	0.496890
73374.716096	0.548142	368.164062	42.773437
73374.718096	0.724242	368.164062	42.773437
73374.720097	0.723253	7.955779	0.436138
73375.749071	0.658216	102.832031	-328.417969
73375.751072	0.724309	102.832031	-328.417969
73375.753073	0.724223	7.966450	0.499203
73376.800001	0.724073	368.750000	42.480469
73376.802003	0.723972	368.750000	42.480469
73376.804004	0.720402	7.924425	0.924279
73377.830032	0.677277	102.636719	-327.148437
73377.832031	0.724036	102.636719	-327.148437
73377.834032	0.721755	7.939305	0.495939
73378.876936	0.431740	360.839844	40.820312
73378.878937	0.702107	360.839844	40.820312
73378.880938	0.723734	360.839844	40.820312
73378.882940	0.721640	7.938037	0.427771
73379.908910	0.394111	92.480469	-347.753906
73379.910911	0.686897	92.480469	-347.753906
73379.912912	0.690104	92.480469	-347.753906
73379.914912	0.722002	7.942025	0.518948
73380.959365	1.053181	368.164062	42.382812
73380.961367	0.724135	368.164062	42.382812
73380.963366	0.721815	7.939969	0.441798
73381.993900	0.723776	93.164062	-343.847656
73381.995901	0.721693	93.164062	-343.847656
73381.997901	0.720198	7.922174	0.519125
73383.039942	0.657474	369.433594	42.773437
73383.041943	0.724420	369.433594	42.773437
73383.043944	0.722014	7.942158	0.448378
73384.070447	0.393891	103.710937	-317.578125
73384.072447	0.686467	103.710937	-317.578125
73384.074448	0.723729	103.710937	-317.578125
73384.076447	0.721454	7.935990	0.523577
73385.120458	0.627007	362.988281	41.308594
73385.124458	0.723029	362.988281	41.308594
73385.128459	0.720217	7.922386	0.456890
73386.154500	0.725163	99.414062	-324.804687
73386.156502	0.722632	7.948946	0.542766
73387.201077	0.604896	373.828125	43.554687
73387.203080	0.725376	373.828125	43.554687
73387.205080	0.722889	7.951782	0.490972
73388.233148	0.587884	94.433594	-334.375000
73388.235150	0.725935	94.433594	-334.375000
73388.237149	0.723641	7.960052	0.505903
73389.283172	0.585802	375.195312	43.066406
73389.285175	0.723261	375.195312	43.066406
73389.287175	0.721280	7.934076	0.474353
73390.315172	0.712117	89.843750	-343.457031
73390.317173	0.723278	89.843750	-343.457031
73390.319174	0.721246	7.933703	0.508477
73391.369260	0.348359	364.453125	39.746094
73391.371262	0.662925	364.453125	39.746094
73391.373261	0.724190	364.453125	39.746094
73391.375262	0.721750	7.939251	0.420583
73392.393292	0.353662	95.996094	-332.031250
73392.395295	0.665816	95.996094	-332.031250
73392.397296	0.671556	95.996094	-332.031250
73392.399302	0.721455	7.936007	0.523080
73393.451335	0.571506	368.945312	38.964844
73393.453336	0.724298	368.945312	38.964844
73393.455339	0.722386	7.946243	0.419997
73394.475337	0.571615	94.531250	-337.207031
73394.477338	0.724290	94.531250	-337.207031
73394.479337	0.722276	7.945038	0.510015
73395.531858	0.531084	371.386719	38.085937
73395.533859	0.722719	371.386719	38.085937
73395.535859	0.722891	7.951800	0.438143
73396.557906	0.750561	94.335937	-341.503906
73396.559908	0.722957	7.952527	0.508492
73397.612438	0.500798	375.781250	36.523437
73397.614440	0.719667	375.781250	36.523437
73397.616440	0.723423	375.781250	36.523437
73397.618439	0.723332	7.956657	0.446290
73398.636467	0.505378	96.972656	-338.671875
73398.638474	0.721900	96.972656	-338.671875
73398.640474	0.724947	96.972656	-338.671875
73398.642473	0.723152	7.954672	0.514049
73399.693449	0.540325	374.414062	35.449219
73399.695449	0.723809	374.414062	35.449219
73399.697449	0.723383	7.957215	0.445969
73400.725435	0.504041	93.261719	-349.707031
73400.727434	0.721582	93.261719	-349.707031
73400.729436	0.725016	93.261719	-349.707031
73400.731436	0.723258	7.955842	0.468752
73401.774386	0.567055	372.851562	33.984375
73401.776387	0.725281	372.851562	33.984375
73401.778386	0.723565	7.959218	0.443156
73402.810447	0.722809	84.570312	-369.531250
73402.812448	0.721002	7.931018	0.456310
73403.854988	0.540857	381.738281	35.742187
73403.856990	0.723696	381.738281	35.742187
73403.858991	0.723199	7.955194	0.447643
73404.885919	2.013522	89.453125	-358.691406
73404.887921	0.647789	89.453125	-358.691406
73404.889920	0.724290	89.453125	-358.691406
73404.891921	0.721818	7.939996	0.486244
73405.936011	0.581940	375.976562	34.960937
73405.938013	0.724986	375.976562	34.960937
73405.940011	0.722751	7.950258	0.429494
73406.970003	0.724273	88.671875	-356.738281
73406.974002	0.721394	7.935334	0.488763
73408.016042	0.459884	379.003906	35.742187
73408.018043	0.710587	379.003906	35.742187
73408.020044	0.723305	379.003906	35.742187
73408.022044	0.721251	7.933766	0.430933
73409.048972	0.581548	94.628906	-341.992187
73409.050972	0.724904	94.628906	-341.992187
73409.052975	0.722854	7.951393	0.499194
73410.101004	0.723309	377.734375	36.132812
73410.103007	0.721325	377.734375	36.132812
73410.107005	0.719000	7.909004	0.435983
73411.137532	0.516693	87.988281	-353.222656
73411.139536	0.722850	87.988281	-353.222656
73411.141534	0.724414	87.988281	-353.222656
73411.143535	0.722716	7.949877	0.439636
73412.177565	0.457753	371.875000	35.156250
73412.179568	0.709940	371.875000	35.156250
73412.181567	0.723162	371.875000	35.156250
73412.183570	0.721022	7.931240	0.444350
73413.217616	0.400485	93.066406	-340.625000
73413.219619	0.689451	93.066406	-340.625000
73413.221618	0.723689	93.066406	-340.625000
73413.223618	0.721402	7.935422	0.449821
73414.259651	0.656744	377.343750	36.328125
73414.261651	0.724443	377.343750	36.328125
73414.263651	0.722003	7.942034	0.725800
73415.298193	0.366988	93.750000	-337.207031
73415.300194	0.673232	93.750000	-337.207031
73415.302194	0.724056	93.750000	-337.207031
73415.304195	0.721789	7.939676	0.464304
73416.338161	0.291831	377.343750	35.937500
73416.340164	0.626201	377.343750	35.937500
73416.342168	0.725054	377.343750	35.937500
73416.344167	0.722518	7.947697	0.456272
73417.380153	1.569460	91.796875	-340.722656
73417.382155	0.724290	91.796875	-340.722656
73417.384154	0.722408	7.946492	0.455448
73418.420137	0.501383	376.171875	35.156250
73418.422138	0.719667	376.171875	35.156250
73418.424138	0.723274	376.171875	35.156250
73418.426139	0.721301	7.934315	0.451632
73419.460178	0.441631	88.085937	-347.753906
73419.462179	0.704998	88.085937	-347.753906
73419.464179	0.723153	88.085937	-347.753906
73419.466179	0.720989	7.930876	0.483538
73420.502228	0.681927	374.316406	34.082031
73420.504229	0.724087	374.316406	34.082031
73420.506229	0.721866	7.940527	0.460553
73421.540307	0.328652	91.503906	-341.113281
73421.542309	0.650896	91.503906	-341.113281
73421.544310	0.724227	91.503906	-341.113281
73421.546309	0.721754	7.939295	0.467526
73422.592365	0.725163	369.921875	32.519531
73422.594368	0.722957	7.952527	0.402106
73423.622357	0.551567	86.718750	-348.730469
73423.624360	0.724165	86.718750	-348.730469
73423.626358	0.723073	7.953803	0.452504
73424.672361	0.708922	382.421875	34.277344
73424.674362	0.723564	382.421875	34.277344
73424.676363	0.721505	7.936557	0.412051
73425.702915	0.515766	83.789062	-353.710937
73425.704913	0.722135	83.789062	-353.710937
73425.706913	0.723752	7.961274	0.451431
73426.751346	0.493418	380.761719	33.691406
73426.753349	0.718035	380.761719	33.691406
73426.755355	0.722932	380.761719	33.691406
73426.757351	0.720825	7.929077	0.426241
