num crossings	time (s)	maj axis (mm)	min axis (mm)	theta (rad )	slope (V/s)
2541	73111.089455	40.031763	13.447918	-0.279305	14.901579
2543	73113.173071	40.895990	15.798344	-0.214903	12.518318
2545	73115.256874	39.958993	12.972168	-0.288656	14.040759
2547	73117.336959	41.180525	13.224815	-0.279799	11.590138
2549	73119.414128	41.718186	17.038069	-0.307466	13.297019
2551	73121.496740	41.321834	12.674859	-0.249302	10.599760
2553	73123.585010	44.034912	13.179056	-0.206664	15.615977
2555	73125.667628	45.140774	12.572831	-0.268489	12.482860
2557	73127.753156	43.112100	13.086357	-0.235386	15.514714
2559	73129.833854	40.129205	12.658472	-0.251700	14.720670
2561	73131.910936	45.271872	12.991213	-0.187625	14.454758
2563	73133.993271	46.417176	16.572009	-0.204970	13.317676
2565	73136.074862	46.388756	13.068502	-0.184617	12.169829
2567	73138.159555	45.353876	12.313262	-0.207950	15.589317
2569	73140.241478	43.957477	12.369698	-0.219857	14.473741
2571	73142.320731	42.599122	12.114698	-0.251129	12.206837
2573	73144.405146	42.980242	12.570364	-0.186830	13.949394
2575	73146.490334	42.841752	11.852159	-0.254768	14.186191
2577	73148.573539	41.573279	11.935385	-0.222965	13.858961
2579	73150.658248	43.400900	11.652596	-0.250563	14.084915
2581	73152.739783	46.366389	11.951475	-0.215636	13.123532
2583	73154.822641	43.405688	11.855055	-0.256588	13.905108
2585	73156.901990	45.015669	11.702083	-0.225257	13.434495
2587	73158.981012	42.367295	11.469931	-0.252739	15.481212
2589	73161.062268	44.605569	11.883602	-0.249184	15.528289
2591	73163.145747	41.856560	12.468022	-0.259881	14.204330
2593	73165.231206	43.683916	11.294759	-0.246233	14.518587
2595	73167.313543	43.698132	11.200914	-0.227302	14.853688
2597	73169.395789	46.275150	10.881937	-0.187225	14.210409
2599	73171.475492	45.564186	11.619160	-0.252496	15.485151
2601	73173.557281	44.479866	11.112952	-0.226744	15.089705
2603	73175.638339	44.875774	10.828364	-0.236301	16.258859
2605	73177.719503	43.659449	12.016590	-0.244334	16.593542
2607	73179.800481	46.104863	10.784807	-0.215892	16.430296
2609	73181.883325	45.120027	10.571159	-0.238289	16.996517
2611	73183.965479	43.144483	12.099904	-0.244433	17.136376
2613	73186.048172	21.418641	9.004502	-0.235664	17.144812
2615	73188.131045	46.402315	10.688347	-0.242402	16.864363
2617	73190.213859	40.086928	12.654801	-0.234264	17.997704
2619	73192.297655	45.646131	10.315282	-0.236629	16.762684
2621	73194.379093	45.704960	10.260540	-0.233807	16.081926
2623	73196.460055	44.529697	10.862979	-0.246752	17.471232
2625	73198.538556	36.871869	10.143449	-0.216647	17.098501
2627	73200.619980	45.995756	10.190304	-0.228295	17.122628
2629	73202.701182	44.729572	10.786228	-0.238344	17.518898
2631	73204.784275	45.887405	10.010046	-0.226782	17.068613
2633	73206.867570	45.392671	9.979112	-0.222169	17.602590
2635	73208.949932	49.400325	11.305486	-0.198221	17.369838
2637	73211.033642	46.618210	9.709299	-0.226935	16.891613
2639	73213.115906	46.726247	10.067334	-0.174779	17.428673
2641	73215.197691	45.963936	10.430037	-0.236478	18.683276
2643	73217.278601	45.674018	10.406047	-0.218959	17.952544
2645	73219.359696	47.688250	9.888217	-0.190031	18.023807
2647	73221.441414	45.930661	9.601784	-0.201390	18.852422
2649	73223.523155	49.365221	10.201374	-0.183896	18.996683
2651	73225.606018	50.125934	10.032705	-0.194021	18.039918
2653	73227.687954	40.507211	10.039045	-0.148977	18.223783
2655	73229.770014	48.196861	12.798818	-0.137768	17.981541
2657	73231.853598	48.548984	9.297125	-0.218232	18.245858
2659	73233.934313	48.189340	10.603622	-0.192536	17.889115
2661	73236.016052	40.481420	10.999335	-0.191285	17.392507
2663	73238.096113	47.102417	9.191119	-0.194136	18.034727
2665	73240.175332	54.757155	10.230011	-0.171626	18.830188
2667	73242.256318	45.291693	7.961536	-0.250077	17.833565
2669	73244.337740	52.074269	10.163432	-0.136218	17.020371
2671	73246.421305	49.352086	9.356520	-0.222626	17.392703
2673	73248.504959	45.804391	10.126637	-0.205283	18.453592
2675	73250.588101	43.050729	11.012505	-0.208640	18.293422
2677	73252.671277	41.406775	11.957955	-0.186924	17.784390
2679	73254.752162	47.346771	8.644089	-0.192280	17.406423
2681	73256.833912	48.127190	8.609409	-0.202491	16.780219
2683	73258.915735	49.814719	9.170358	-0.166971	17.181938
2685	73260.998697	54.203614	10.004631	-0.171150	17.883963
2687	73263.078306	47.874268	10.276535	-0.188674	17.166448
2689	73265.159905	47.848306	9.357672	-0.196212	17.069674
2691	73267.241639	52.278050	10.209000	-0.164474	17.340703
2693	73269.323229	49.918906	11.104888	-0.187773	17.507008
2695	73271.404586	49.180076	8.207467	-0.194668	17.535497
2697	73273.485743	48.722854	8.219992	-0.197589	17.929991
2699	73275.566459	48.163907	6.186391	-0.114837	18.568828
2701	73277.646101	51.102751	8.994468	-0.205444	17.881733
2703	73279.726803	48.477391	8.148388	-0.187856	17.268663
2705	73281.808627	51.949637	6.447787	-0.100721	17.939638
2707	73283.891113	49.889081	8.003336	-0.165730	19.053951
2709	73285.973899	49.796063	7.911140	-0.189770	19.238956
2711	73288.056731	47.395197	9.307481	-0.184329	18.726346
2713	73290.139280	48.437051	7.789817	-0.179648	18.654356
2715	73292.222070	49.395228	7.787456	-0.187868	19.633522
2717	73294.304776	49.221803	7.714021	-0.184984	18.826702
2719	73296.384992	47.084317	6.432338	-0.105126	19.782824
2721	73298.466476	56.360003	9.647393	-0.132781	19.970069
2723	73300.548004	49.126608	9.774999	-0.179081	19.270321
2725	73302.629281	54.118935	12.171979	-0.139188	20.061652
2727	73304.710937	53.056098	8.393958	-0.197271	19.905816
2729	73306.792934	49.807239	8.712285	-0.171202	19.913993
2731	73308.873658	42.853287	9.957213	-0.164365	19.582878
2733	73310.954837	48.644988	8.836385	-0.172637	19.972139
2735	73313.035566	48.932526	7.888560	-0.107267	20.625276
2737	73315.116087	52.303043	7.929821	-0.190578	20.427194
2739	73317.195785	49.989181	7.258755	-0.178601	20.480282
2741	73319.276418	50.262031	7.173259	-0.178549	20.578894
2743	73321.357418	50.185751	7.116381	-0.178714	20.759592
2745	73323.439426	48.852202	8.151378	-0.175275	19.402510
2747	73325.521560	55.799049	5.279925	-0.102012	19.148319
2749	73327.604349	49.884375	6.876478	-0.155905	20.167476
2751	73329.687803	49.413135	6.784697	-0.156015	19.109086
2753	73331.770045	51.147281	6.581750	-0.154995	19.368565
2755	73333.852684	50.744414	7.134504	-0.167592	19.492683
2757	73335.934466	46.603687	7.682302	-0.142458	19.460563
2759	73338.016380	53.628437	7.560198	-0.158034	19.294580
2761	73340.097851	50.913248	6.743188	-0.170456	18.759469
2763	73342.179630	51.570615	6.811234	-0.144442	20.427891
2765	73344.261085	48.162578	8.272117	-0.176113	20.180098
2767	73346.341883	52.683029	7.147996	-0.129524	19.851365
2769	73348.421790	42.797293	6.853005	-0.116191	20.489674
2771	73350.502939	52.177192	7.271290	-0.134280	20.093691
2773	73352.583071	53.738214	6.646605	-0.136963	20.561993
2775	73354.663435	51.324732	6.544501	-0.160762	20.456644
2777	73356.743426	48.306448	7.410429	-0.170084	20.232979
2779	73358.825519	51.623109	6.444829	-0.134357	20.293899
2781	73360.906908	53.177717	6.175395	-0.133220	20.667430
2783	73362.988889	51.037182	7.797890	-0.133469	21.235538
2785	73365.071040	52.258024	6.729395	-0.181896	21.019833
2787	73367.153720	50.757045	6.238486	-0.158372	21.461629
2789	73369.235983	50.687558	6.269566	-0.158648	21.341132
2791	73371.318081	48.518791	7.609904	-0.163669	20.741353
2793	73373.400681	54.582199	6.914183	-0.106421	19.938068
2795	73375.481236	51.490117	6.003801	-0.158015	20.559322
2797	73377.562455	49.892265	6.111962	-0.152993	20.351999
2799	73379.644718	48.211007	9.733579	-0.133914	19.782628
2801	73381.725894	51.590537	6.112132	-0.151372	20.539788
2803	73383.806476	52.383719	5.945292	-0.136276	20.595373
2805	73385.887715	50.180993	7.052133	-0.146307	20.961978
2807	73387.968671	51.514446	5.875853	-0.155517	21.259326
2809	73390.049530	51.529434	5.786982	-0.157134	21.155918
2811	73392.130033	60.140526	9.711403	-0.118595	21.134650
2813	73394.211589	51.839111	5.676175	-0.153060	20.397537
2815	73396.292081	51.212028	5.727052	-0.128735	21.034808
2817	73398.373804	53.942442	8.372576	-0.148547	20.767433
2819	73400.457090	50.282620	5.461809	-0.128418	21.100375
2821	73402.538828	51.608557	5.181618	-0.135783	20.885895
2823	73404.621170	47.979435	5.594089	-0.128981	20.755910
2825	73406.703467	49.351080	5.163701	-0.125676	20.132786
2827	73408.785495	51.621450	4.271711	-0.195926	20.552909
2829	73410.867498	52.134407	5.558691	-0.128165	20.885526
2831	73412.948880	54.831914	6.016961	-0.155276	19.800608
2833	73415.030653	47.993462	5.636109	-0.121466	20.366040
2835	73417.112006	48.238937	5.527347	-0.169745	20.082364
2837	73419.194493	49.536652	3.516889	-0.076426	20.132357
2839	73421.274312	51.260500	5.068704	-0.132145	20.455355
2841	73423.355610	50.705804	4.466869	-0.193433	20.192006
